search settings:
	vvarac Precision = 0.050 V
	vbias Precision = 0.050 V
	Acq. Frequency Start = 3.800 MHz
	Acq. Frequency Stop = 4.700 MHz
	Acq. Frequency Spacing = 0.001 MHz
	S21 Optimization Frequency Start = 4.000 MHz
	S21 Optimization Frequency Stop = 4.500 MHz
	vbias seed = -2.150
	vvarac seed = -0.400

freq(MHz)	 S21(dBmV)	 vbias(V)	 vvarac(V)
 3.8000,38.6902,-1.650,0.450
 3.8010,38.6521,-1.700,0.450
 3.8020,38.8274,-1.650,0.450
 3.8030,38.7871,-1.650,0.450
 3.8040,38.8904,-1.650,0.450
 3.8050,38.6016,-1.650,0.450
 3.8060,39.4407,-1.650,0.450
 3.8070,38.9706,-1.650,0.450
 3.8080,39.3415,-1.650,0.450
 3.8090,39.0923,-1.650,0.450
 3.8100,38.9756,-1.700,0.450
 3.8110,38.9151,-1.650,0.450
 3.8120,39.0622,-1.700,0.450
 3.8130,39.3898,-1.650,0.450
 3.8140,39.0430,-1.750,0.450
 3.8150,39.3561,-1.700,0.450
 3.8160,39.3469,-1.650,0.450
 3.8170,39.2610,-1.650,0.450
 3.8180,39.6766,-1.650,0.450
 3.8190,39.5038,-1.700,0.450
 3.8200,39.6698,-1.650,0.450
 3.8210,39.6561,-1.650,0.450
 3.8220,39.8049,-1.700,0.450
 3.8230,39.5618,-1.700,0.450
 3.8240,39.6121,-1.700,0.450
 3.8250,39.6953,-1.700,0.450
 3.8260,39.7963,-1.700,0.450
 3.8270,39.6249,-1.650,0.450
 3.8280,39.8204,-1.650,0.450
 3.8290,39.5815,-1.650,0.450
 3.8300,40.0840,-1.700,0.450
 3.8310,39.9508,-1.650,0.450
 3.8320,39.9105,-1.650,0.450
 3.8330,40.3012,-1.650,0.450
 3.8340,40.3959,-1.650,0.450
 3.8350,40.1579,-1.650,0.450
 3.8360,40.0292,-1.800,0.450
 3.8370,40.1662,-1.700,0.450
 3.8380,40.1765,-1.700,0.450
 3.8390,40.3543,-1.650,0.450
 3.8400,40.4436,-1.650,0.450
 3.8410,40.4474,-1.650,0.450
 3.8420,40.5440,-1.650,0.450
 3.8430,40.4176,-1.650,0.450
 3.8440,40.5978,-1.650,0.450
 3.8450,40.6065,-1.650,0.450
 3.8460,40.7812,-1.750,0.450
 3.8470,40.8696,-1.650,0.450
 3.8480,40.9415,-1.700,0.450
 3.8490,40.9127,-1.650,0.450
 3.8500,40.8747,-1.650,0.450
 3.8510,41.0294,-1.650,0.450
 3.8520,40.6219,-1.750,0.450
 3.8530,40.9774,-1.700,0.450
 3.8540,40.9220,-1.650,0.450
 3.8550,41.0952,-1.700,0.450
 3.8560,41.2715,-1.650,0.450
 3.8570,41.1346,-1.700,0.450
 3.8580,41.4636,-1.650,0.450
 3.8590,41.5356,-1.650,0.450
 3.8600,41.1669,-1.750,0.450
 3.8610,41.3571,-1.750,0.450
 3.8620,41.4241,-1.650,0.450
 3.8630,41.6299,-1.650,0.450
 3.8640,41.4824,-1.750,0.450
 3.8650,41.6311,-1.650,0.450
 3.8660,41.4438,-1.700,0.450
 3.8670,41.7728,-1.650,0.450
 3.8680,41.7148,-1.750,0.450
 3.8690,42.1278,-1.650,0.450
 3.8700,41.8961,-1.650,0.450
 3.8710,42.1287,-1.650,0.450
 3.8720,41.8868,-1.650,0.450
 3.8730,41.9146,-1.800,0.450
 3.8740,42.0700,-1.650,0.450
 3.8750,42.2424,-1.750,0.450
 3.8760,42.2695,-1.700,0.450
 3.8770,42.1339,-1.700,0.450
 3.8780,42.2785,-1.700,0.450
 3.8790,42.6615,-1.650,0.450
 3.8800,42.2789,-1.650,0.450
 3.8810,42.7657,-1.650,0.450
 3.8820,42.4019,-1.750,0.450
 3.8830,42.4044,-1.650,0.450
 3.8840,42.6056,-1.700,0.450
 3.8850,42.5656,-1.700,0.450
 3.8860,42.3981,-1.700,0.450
 3.8870,42.8603,-1.650,0.450
 3.8880,42.7402,-1.650,0.450
 3.8890,42.7636,-1.650,0.450
 3.8900,43.1765,-1.650,0.450
 3.8910,43.0468,-1.650,0.450
 3.8920,43.3525,-1.650,0.450
 3.8930,43.3135,-1.650,0.450
 3.8940,43.1058,-1.700,0.450
 3.8950,43.3979,-1.650,0.450
 3.8960,43.2685,-1.650,0.450
 3.8970,43.3516,-1.700,0.450
 3.8980,43.3315,-1.650,0.450
 3.8990,43.6525,-1.650,0.450
 3.9000,43.4235,-1.700,0.450
 3.9010,43.5383,-1.650,0.450
 3.9020,43.8745,-1.650,0.450
 3.9030,43.7523,-1.650,0.450
 3.9040,43.7972,-1.650,0.450
 3.9050,43.9530,-1.650,0.450
 3.9060,43.7029,-1.650,0.450
 3.9070,43.7883,-1.650,0.450
 3.9080,43.9032,-1.700,0.450
 3.9090,44.2666,-1.650,0.450
 3.9100,44.1402,-1.650,0.450
 3.9110,44.1435,-1.700,0.450
 3.9120,44.4250,-1.650,0.450
 3.9130,44.6789,-1.650,0.450
 3.9140,44.3860,-1.700,0.450
 3.9150,44.4570,-1.650,0.450
 3.9160,44.4810,-1.700,0.450
 3.9170,44.4401,-1.650,0.450
 3.9180,44.6637,-1.650,0.450
 3.9190,44.6932,-1.650,0.450
 3.9200,44.8724,-1.750,0.450
 3.9210,44.7274,-1.650,0.450
 3.9220,44.7713,-1.650,0.450
 3.9230,44.7101,-1.650,0.450
 3.9240,45.1535,-1.650,0.450
 3.9250,44.7882,-1.650,0.450
 3.9260,44.9999,-1.650,0.450
 3.9270,45.0094,-1.650,0.450
 3.9280,45.3080,-1.650,0.450
 3.9290,45.1702,-1.650,0.450
 3.9300,45.3830,-1.650,0.450
 3.9310,45.1863,-1.700,0.450
 3.9320,45.0598,-1.650,0.450
 3.9330,45.7100,-1.650,0.450
 3.9340,45.3754,-1.650,0.450
 3.9350,45.4611,-1.650,0.450
 3.9360,45.4893,-1.700,0.450
 3.9370,45.7615,-1.650,0.450
 3.9380,45.6771,-1.700,0.450
 3.9390,45.4555,-1.650,0.450
 3.9400,45.7237,-1.700,0.450
 3.9410,45.6093,-1.650,0.450
 3.9420,45.9603,-1.650,0.450
 3.9430,45.6053,-1.650,0.450
 3.9440,45.8415,-1.700,0.450
 3.9450,45.8149,-1.750,0.450
 3.9460,45.9417,-1.650,0.450
 3.9470,45.8907,-1.700,0.450
 3.9480,45.9053,-1.650,0.450
 3.9490,45.7989,-1.650,0.450
 3.9500,45.9135,-1.650,0.450
 3.9510,45.9261,-1.650,0.450
 3.9520,46.1492,-1.650,0.450
 3.9530,45.9376,-1.650,0.450
 3.9540,46.2150,-1.650,0.450
 3.9550,46.3615,-1.650,0.450
 3.9560,46.1718,-1.750,0.450
 3.9570,46.3651,-1.650,0.450
 3.9580,46.2215,-1.700,0.450
 3.9590,46.2016,-1.750,0.450
 3.9600,46.4665,-1.700,0.450
 3.9610,46.3125,-1.900,0.450
 3.9620,46.2672,-1.800,0.450
 3.9630,46.0949,-1.750,0.450
 3.9640,46.2442,-1.750,0.450
 3.9650,46.3223,-1.700,0.450
 3.9660,46.3673,-1.750,0.450
 3.9670,46.4288,-1.750,0.450
 3.9680,46.7303,-1.800,0.450
 3.9690,46.2869,-1.850,0.450
 3.9700,46.4128,-1.800,0.450
 3.9710,46.3279,-2.000,0.450
 3.9720,46.3856,-1.850,0.450
 3.9730,46.2698,-1.950,0.450
 3.9740,46.2915,-1.650,0.450
 3.9750,46.4408,-1.900,0.450
 3.9760,46.4919,-1.750,0.400
 3.9770,46.6333,-1.900,0.450
 3.9780,46.3319,-1.950,0.450
 3.9790,46.6325,-1.950,0.450
 3.9800,46.4026,-1.750,0.450
 3.9810,46.4167,-2.100,0.450
 3.9820,46.3516,-2.100,0.450
 3.9830,46.4050,-2.050,0.450
 3.9840,46.4525,-2.150,0.450
 3.9850,46.3960,-1.800,0.400
 3.9860,46.5169,-1.800,0.450
 3.9870,46.5391,-1.800,0.450
 3.9880,46.3239,-1.950,0.450
 3.9890,46.5315,-1.850,0.450
 3.9900,46.4081,-1.800,0.350
 3.9910,46.4023,-1.950,0.450
 3.9920,46.3331,-1.850,0.350
 3.9930,46.4386,-2.100,0.450
 3.9940,46.3780,-1.950,0.450
 3.9950,46.4863,-1.950,0.400
 3.9960,46.4251,-1.950,0.450
 3.9970,46.4684,-1.900,0.400
 3.9980,46.5586,-1.750,0.400
 3.9990,46.4904,-2.100,0.450
 4.0000,46.4519,-2.100,0.450
 4.0010,46.3697,-2.100,0.450
 4.0020,46.5782,-2.000,0.450
 4.0030,46.4963,-1.850,0.350
 4.0040,46.4276,-2.000,0.450
 4.0050,46.6247,-1.950,0.400
 4.0060,46.4841,-1.850,0.400
 4.0070,46.5376,-2.000,0.400
 4.0080,46.5700,-1.850,0.400
 4.0090,46.6580,-2.100,0.450
 4.0100,46.5597,-2.150,0.450
 4.0110,46.5453,-1.950,0.400
 4.0120,46.5551,-1.850,0.350
 4.0130,46.5766,-1.950,0.400
 4.0140,46.6550,-2.100,0.300
 4.0150,46.6510,-1.900,0.350
 4.0160,46.3680,-1.950,0.350
 4.0170,46.5071,-1.900,0.350
 4.0180,46.5070,-2.050,0.400
 4.0190,46.5093,-2.100,0.400
 4.0200,46.6196,-1.900,0.350
 4.0210,46.5434,-1.950,0.350
 4.0220,46.6153,-2.050,0.400
 4.0230,46.7155,-2.100,0.350
 4.0240,46.5237,-2.050,0.350
 4.0250,46.5314,-2.050,0.350
 4.0260,46.3815,-2.100,0.350
 4.0270,46.5685,-1.900,0.300
 4.0280,46.4649,-2.050,0.350
 4.0290,46.5745,-1.900,0.300
 4.0300,46.4966,-2.250,0.350
 4.0310,46.5207,-2.000,0.300
 4.0320,46.4201,-1.900,0.250
 4.0330,46.5887,-2.200,0.350
 4.0340,46.5003,-2.250,0.350
 4.0350,46.5174,-2.250,0.350
 4.0360,46.4477,-1.900,0.250
 4.0370,46.4717,-2.000,0.300
 4.0380,46.5014,-2.200,0.300
 4.0390,46.4890,-1.800,0.250
 4.0400,46.4779,-2.150,0.300
 4.0410,46.4555,-2.150,0.300
 4.0420,46.7430,-1.950,0.250
 4.0430,46.4298,-2.150,0.300
 4.0440,46.4269,-1.950,0.200
 4.0450,46.6896,-2.100,0.300
 4.0460,46.4643,-1.950,0.250
 4.0470,46.4075,-2.250,0.300
 4.0480,46.4330,-2.200,0.300
 4.0490,46.5062,-2.200,0.250
 4.0500,46.3764,-2.000,0.250
 4.0510,46.5522,-2.100,0.250
 4.0520,46.4992,-2.250,0.250
 4.0530,46.5246,-1.900,0.200
 4.0540,46.4451,-2.200,0.250
 4.0550,46.7266,-2.050,0.200
 4.0560,46.5960,-1.950,0.200
 4.0570,46.5735,-2.100,0.200
 4.0580,46.5644,-2.250,0.250
 4.0590,46.5664,-2.200,0.250
 4.0600,46.5219,-2.100,0.200
 4.0610,46.5412,-2.050,0.200
 4.0620,46.4609,-2.350,0.250
 4.0630,46.3317,-2.200,0.200
 4.0640,46.4732,-2.050,0.200
 4.0650,46.7017,-2.250,0.200
 4.0660,46.6150,-2.200,0.200
 4.0670,46.4661,-2.100,0.150
 4.0680,46.5181,-2.050,0.050
 4.0690,46.3749,-2.200,0.150
 4.0700,46.5704,-2.350,0.200
 4.0710,46.4313,-2.000,0.150
 4.0720,46.5363,-2.150,0.150
 4.0730,46.4279,-2.050,0.150
 4.0740,46.3047,-2.000,0.100
 4.0750,46.5326,-2.050,0.150
 4.0760,46.4921,-2.150,0.150
 4.0770,46.5096,-2.200,0.150
 4.0780,46.6402,-2.150,0.150
 4.0790,46.4218,-2.350,0.150
 4.0800,46.4427,-2.100,0.100
 4.0810,46.4268,-2.050,0.100
 4.0820,46.4109,-2.000,0.050
 4.0830,46.3785,-2.000,0.100
 4.0840,46.4783,-2.250,0.150
 4.0850,46.5195,-2.100,0.100
 4.0860,46.4187,-2.250,0.100
 4.0870,46.3925,-2.300,0.100
 4.0880,46.4575,-2.300,0.100
 4.0890,46.2553,-2.250,0.100
 4.0900,46.4000,-2.250,0.050
 4.0910,46.2831,-2.050,-0.000
 4.0920,46.4320,-2.200,0.100
 4.0930,46.5095,-2.100,0.050
 4.0940,46.5634,-1.950,-0.000
 4.0950,46.4379,-2.100,0.050
 4.0960,46.5400,-2.400,0.100
 4.0970,46.5595,-2.250,0.050
 4.0980,46.6039,-2.150,0.050
 4.0990,46.5791,-2.100,-0.000
 4.1000,46.3881,-1.950,-0.050
 4.1010,46.3603,-1.900,-0.050
 4.1020,46.4767,-1.850,-0.050
 4.1030,46.4580,-1.950,-0.000
 4.1040,46.3771,-2.050,-0.000
 4.1050,46.4656,-1.800,-0.100
 4.1060,46.4542,-2.050,-0.000
 4.1070,46.4663,-1.850,-0.100
 4.1080,46.5068,-2.200,-0.000
 4.1090,46.3176,-2.300,-0.000
 4.1100,46.5114,-1.850,-0.100
 4.1110,46.4978,-1.800,-0.100
 4.1120,46.4011,-2.200,-0.050
 4.1130,46.5767,-2.200,-0.050
 4.1140,46.5266,-1.700,-0.150
 4.1150,46.6702,-1.950,-0.100
 4.1160,46.5466,-1.750,-0.150
 4.1170,46.4516,-1.950,-0.100
 4.1180,46.4658,-2.100,-0.100
 4.1190,46.6652,-2.250,-0.050
 4.1200,46.3929,-1.950,-0.150
 4.1210,46.4344,-2.100,-0.100
 4.1220,46.5996,-2.000,-0.100
 4.1230,46.5393,-2.050,-0.100
 4.1240,46.4374,-2.000,-0.100
 4.1250,46.4623,-2.100,-0.100
 4.1260,46.7632,-1.950,-0.150
 4.1270,46.4650,-2.400,-0.050
 4.1280,46.6279,-1.850,-0.200
 4.1290,46.4453,-2.050,-0.150
 4.1300,46.6963,-2.000,-0.150
 4.1310,46.4840,-2.000,-0.200
 4.1320,46.6051,-1.800,-0.200
 4.1330,46.4026,-2.050,-0.150
 4.1340,46.4376,-2.000,-0.200
 4.1350,46.4068,-1.900,-0.200
 4.1360,46.3050,-1.850,-0.250
 4.1370,46.4746,-1.900,-0.250
 4.1380,46.6229,-2.100,-0.150
 4.1390,46.5188,-2.100,-0.150
 4.1400,46.4353,-2.050,-0.200
 4.1410,46.2911,-2.200,-0.200
 4.1420,46.4258,-2.100,-0.150
 4.1430,46.2224,-1.900,-0.200
 4.1440,46.5119,-1.950,-0.200
 4.1450,46.1795,-1.850,-0.300
 4.1460,46.3497,-2.100,-0.200
 4.1470,46.3667,-1.750,-0.300
 4.1480,46.4206,-1.900,-0.300
 4.1490,46.3493,-2.250,-0.200
 4.1500,46.3790,-2.100,-0.200
 4.1510,46.3773,-2.050,-0.200
 4.1520,46.5508,-1.900,-0.300
 4.1530,46.3741,-2.050,-0.250
 4.1540,46.3321,-2.250,-0.200
 4.1550,46.4203,-2.000,-0.250
 4.1560,46.3456,-2.150,-0.250
 4.1570,46.4075,-2.150,-0.250
 4.1580,46.3753,-2.100,-0.250
 4.1590,46.3581,-2.150,-0.250
 4.1600,46.4808,-2.050,-0.250
 4.1610,46.3271,-2.000,-0.300
 4.1620,46.4491,-2.150,-0.250
 4.1630,46.3136,-2.150,-0.250
 4.1640,46.4015,-1.800,-0.350
 4.1650,46.2401,-1.800,-0.350
 4.1660,46.1705,-1.850,-0.350
 4.1670,46.6408,-1.850,-0.350
 4.1680,46.2314,-2.000,-0.300
 4.1690,46.2952,-2.050,-0.350
 4.1700,46.3490,-1.900,-0.350
 4.1710,46.2270,-2.100,-0.350
 4.1720,46.5526,-2.000,-0.350
 4.1730,46.2295,-1.950,-0.350
 4.1740,46.3301,-2.000,-0.350
 4.1750,46.1957,-2.150,-0.350
 4.1760,46.3178,-1.950,-0.350
 4.1770,46.4201,-2.050,-0.350
 4.1780,46.3550,-2.000,-0.350
 4.1790,46.3362,-2.050,-0.350
 4.1800,46.3437,-2.150,-0.350
 4.1810,46.3423,-2.150,-0.350
 4.1820,46.3305,-2.250,-0.350
 4.1830,46.4194,-2.050,-0.400
 4.1840,46.5842,-2.100,-0.400
 4.1850,46.3818,-2.050,-0.400
 4.1860,46.2238,-2.200,-0.350
 4.1870,46.6768,-2.150,-0.400
 4.1880,46.3962,-2.050,-0.400
 4.1890,46.3043,-2.300,-0.400
 4.1900,46.4629,-2.000,-0.450
 4.1910,46.4184,-2.100,-0.400
 4.1920,46.3604,-2.050,-0.400
 4.1930,46.1836,-1.900,-0.500
 4.1940,46.1854,-1.950,-0.450
 4.1950,46.1627,-2.350,-0.350
 4.1960,46.4758,-2.000,-0.450
 4.1970,46.2295,-2.300,-0.400
 4.1980,46.3687,-2.000,-0.450
 4.1990,46.2689,-2.250,-0.450
 4.2000,46.1611,-2.150,-0.450
 4.2010,46.2477,-2.000,-0.450
 4.2020,46.3090,-2.150,-0.450
 4.2030,46.1138,-2.250,-0.450
 4.2040,46.2852,-2.100,-0.450
 4.2050,46.2741,-2.350,-0.450
 4.2060,46.2886,-2.250,-0.450
 4.2070,46.3206,-2.200,-0.450
 4.2080,46.4969,-2.100,-0.450
 4.2090,46.3555,-1.950,-0.500
 4.2100,46.4378,-2.150,-0.400
 4.2110,46.4625,-2.250,-0.450
 4.2120,46.1833,-2.200,-0.500
 4.2130,46.4376,-2.050,-0.500
 4.2140,46.1951,-1.900,-0.550
 4.2150,46.3057,-2.300,-0.450
 4.2160,46.3560,-2.050,-0.550
 4.2170,46.4532,-1.950,-0.550
 4.2180,46.3943,-2.150,-0.500
 4.2190,46.2402,-2.200,-0.500
 4.2200,46.2743,-2.050,-0.550
 4.2210,46.1970,-2.150,-0.550
 4.2220,46.1010,-2.050,-0.550
 4.2230,46.2352,-2.100,-0.450
 4.2240,46.2648,-2.150,-0.550
 4.2250,46.1517,-2.100,-0.550
 4.2260,46.2953,-2.250,-0.550
 4.2270,46.1882,-2.050,-0.600
 4.2280,46.3223,-2.300,-0.550
 4.2290,46.5086,-2.200,-0.550
 4.2300,46.2693,-2.200,-0.600
 4.2310,46.1619,-2.100,-0.600
 4.2320,46.3542,-2.300,-0.550
 4.2330,46.1136,-2.150,-0.600
 4.2340,46.2450,-2.250,-0.600
 4.2350,46.0856,-2.150,-0.650
 4.2360,46.1392,-2.150,-0.600
 4.2370,45.9857,-2.350,-0.600
 4.2380,46.1410,-2.250,-0.600
 4.2390,46.2163,-2.200,-0.600
 4.2400,46.1303,-2.250,-0.550
 4.2410,46.0850,-2.300,-0.600
 4.2420,46.1038,-2.150,-0.650
 4.2430,45.9945,-2.200,-0.600
 4.2440,46.0681,-2.150,-0.600
 4.2450,46.2797,-2.400,-0.600
 4.2460,46.0783,-2.150,-0.600
 4.2470,46.1186,-2.300,-0.650
 4.2480,45.9854,-2.300,-0.600
 4.2490,46.1152,-1.950,-0.550
 4.2500,46.3124,-2.300,-0.650
 4.2510,46.2688,-2.300,-0.650
 4.2520,46.2335,-2.200,-0.550
 4.2530,46.1646,-2.400,-0.650
 4.2540,46.1954,-1.900,-0.750
 4.2550,46.1418,-2.250,-0.650
 4.2560,46.1380,-2.200,-0.650
 4.2570,46.2825,-2.200,-0.700
 4.2580,46.1651,-1.900,-0.750
 4.2590,45.9756,-2.150,-0.650
 4.2600,46.1443,-2.000,-0.750
 4.2610,46.8293,-2.050,-0.750
 4.2620,46.3958,-2.000,-0.750
 4.2630,46.2044,-1.950,-0.750
 4.2640,46.3555,-2.050,-0.750
 4.2650,46.2381,-2.150,-0.750
 4.2660,46.2457,-2.100,-0.750
 4.2670,46.4818,-2.400,-0.700
 4.2680,46.1952,-2.150,-0.750
 4.2690,46.2177,-2.050,-0.800
 4.2700,46.2223,-2.150,-0.750
 4.2710,46.1896,-1.950,-0.800
 4.2720,46.3450,-2.150,-0.800
 4.2730,46.1325,-2.300,-0.750
 4.2740,46.0824,-2.000,-0.850
 4.2750,46.1799,-2.100,-0.750
 4.2760,46.2631,-2.150,-0.800
 4.2770,46.1667,-2.150,-0.700
 4.2780,46.0461,-2.400,-0.650
 4.2790,46.1491,-1.850,-0.850
 4.2800,46.1895,-1.850,-0.850
 4.2810,46.3373,-2.400,-0.750
 4.2820,46.1451,-1.850,-0.850
 4.2830,46.1626,-2.200,-0.800
 4.2840,46.1771,-1.800,-0.950
 4.2850,46.2073,-2.150,-0.800
 4.2860,46.0713,-2.050,-0.850
 4.2870,46.1343,-1.850,-0.950
 4.2880,46.1413,-2.300,-0.800
 4.2890,46.2087,-1.800,-0.950
 4.2900,46.1121,-1.900,-0.950
 4.2910,46.2347,-2.250,-0.850
 4.2920,46.2772,-2.250,-0.850
 4.2930,46.2538,-2.050,-0.900
 4.2940,45.9816,-2.200,-0.800
 4.2950,46.3235,-1.800,-0.950
 4.2960,46.2300,-1.850,-0.950
 4.2970,46.1049,-2.200,-0.850
 4.2980,46.0997,-1.950,-0.900
 4.2990,46.4170,-1.950,-0.950
 4.3000,46.0503,-1.850,-0.950
 4.3010,45.9775,-1.800,-1.000
 4.3020,46.1742,-2.100,-0.900
 4.3030,46.3315,-1.850,-1.000
 4.3040,46.1178,-2.050,-0.950
 4.3050,46.3122,-1.900,-0.950
 4.3060,46.1281,-1.850,-1.000
 4.3070,46.0382,-1.850,-1.000
 4.3080,46.2390,-1.950,-1.000
 4.3090,45.9963,-1.800,-1.000
 4.3100,46.1795,-2.200,-0.950
 4.3110,46.0774,-1.900,-0.900
 4.3120,46.0366,-2.200,-1.000
 4.3130,46.1273,-2.250,-0.950
 4.3140,46.2092,-2.000,-1.000
 4.3150,46.0542,-2.000,-1.000
 4.3160,46.1056,-1.900,-0.900
 4.3170,46.0935,-2.400,-0.950
 4.3180,45.9969,-1.950,-0.950
 4.3190,46.1733,-2.000,-0.900
 4.3200,46.1866,-2.300,-0.950
 4.3210,46.1919,-2.050,-0.900
 4.3220,46.2940,-2.250,-1.000
 4.3230,46.3481,-2.150,-1.000
 4.3240,46.1845,-2.150,-1.000
 4.3250,45.9914,-2.450,-0.950
 4.3260,46.1794,-2.050,-1.050
 4.3270,46.1137,-2.000,-1.100
 4.3280,46.2076,-2.000,-1.050
 4.3290,46.1008,-2.200,-1.000
 4.3300,46.1675,-2.050,-1.100
 4.3310,45.9844,-1.950,-1.100
 4.3320,46.0754,-2.150,-1.100
 4.3330,46.1085,-2.050,-1.050
 4.3340,46.1664,-2.200,-1.050
 4.3350,46.0706,-2.000,-1.100
 4.3360,46.3250,-2.100,-1.100
 4.3370,46.1732,-2.150,-0.950
 4.3380,46.3188,-1.950,-1.150
 4.3390,46.2843,-2.050,-1.100
 4.3400,46.1868,-1.800,-1.150
 4.3410,46.0098,-1.950,-1.150
 4.3420,46.2937,-2.200,-1.100
 4.3430,46.0302,-2.250,-1.050
 4.3440,46.1737,-2.200,-1.100
 4.3450,46.2161,-2.300,-1.100
 4.3460,46.2831,-2.200,-1.100
 4.3470,46.1998,-2.200,-1.100
 4.3480,45.9856,-2.000,-1.200
 4.3490,46.1624,-1.950,-1.150
 4.3500,45.9615,-2.050,-1.150
 4.3510,46.0842,-2.000,-1.150
 4.3520,46.0879,-2.000,-1.150
 4.3530,46.0421,-2.000,-1.150
 4.3540,46.0375,-2.350,-0.950
 4.3550,46.0801,-2.100,-1.150
 4.3560,45.9218,-2.150,-1.100
 4.3570,46.1260,-2.200,-1.050
 4.3580,46.0667,-2.250,-1.100
 4.3590,46.2047,-2.250,-1.150
 4.3600,45.9889,-2.200,-1.150
 4.3610,46.0771,-2.150,-1.150
 4.3620,45.9817,-2.200,-1.150
 4.3630,46.2076,-2.100,-1.200
 4.3640,45.9976,-2.250,-1.100
 4.3650,46.1345,-2.300,-1.050
 4.3660,46.0896,-2.300,-1.050
 4.3670,46.0314,-2.100,-1.200
 4.3680,46.0468,-2.200,-1.200
 4.3690,46.1338,-2.050,-1.100
 4.3700,46.0109,-2.400,-1.150
 4.3710,45.9132,-1.950,-1.250
 4.3720,46.0085,-2.000,-1.250
 4.3730,46.1197,-2.300,-1.150
 4.3740,46.0093,-1.900,-1.150
 4.3750,46.0975,-2.150,-1.250
 4.3760,46.0560,-2.250,-1.200
 4.3770,46.0245,-2.000,-1.300
 4.3780,46.0390,-2.000,-1.300
 4.3790,46.1053,-1.900,-1.150
 4.3800,46.0818,-2.100,-1.250
 4.3810,46.0920,-1.800,-1.400
 4.3820,45.9874,-1.800,-1.400
 4.3830,46.1283,-2.100,-1.300
 4.3840,45.9394,-2.100,-1.250
 4.3850,46.1915,-1.950,-1.350
 4.3860,46.0080,-2.000,-1.350
 4.3870,46.0750,-2.000,-1.350
 4.3880,46.1520,-2.150,-1.150
 4.3890,45.9465,-1.850,-1.350
 4.3900,46.2207,-2.000,-1.350
 4.3910,45.8327,-1.850,-1.400
 4.3920,46.1236,-1.950,-1.400
 4.3930,45.8974,-1.900,-1.400
 4.3940,46.1599,-1.950,-1.400
 4.3950,46.1703,-2.200,-1.300
 4.3960,46.0830,-1.850,-1.450
 4.3970,46.0536,-2.100,-1.400
 4.3980,45.9386,-1.900,-1.400
 4.3990,45.9291,-1.950,-1.400
 4.4000,45.9027,-2.100,-1.350
 4.4010,45.9444,-2.300,-1.150
 4.4020,45.9286,-1.850,-1.450
 4.4030,46.0735,-1.950,-1.400
 4.4040,46.1137,-1.950,-1.450
 4.4050,46.0724,-1.900,-1.450
 4.4060,45.9922,-1.950,-1.450
 4.4070,46.0445,-2.050,-1.400
 4.4080,45.9927,-2.100,-1.450
 4.4090,45.8638,-2.100,-1.350
 4.4100,45.9607,-2.200,-1.350
 4.4110,46.0870,-2.200,-1.250
 4.4120,45.9560,-1.850,-1.450
 4.4130,45.9440,-2.150,-1.450
 4.4140,46.0986,-2.150,-1.450
 4.4150,45.8250,-1.950,-1.500
 4.4160,46.0288,-2.000,-1.450
 4.4170,45.8272,-1.950,-1.450
 4.4180,45.7938,-2.150,-1.450
 4.4190,46.1510,-2.100,-1.450
 4.4200,45.9653,-2.000,-1.500
 4.4210,46.0327,-2.250,-1.450
 4.4220,46.0374,-2.000,-1.400
 4.4230,46.1157,-2.150,-1.350
 4.4240,45.9066,-2.150,-1.350
 4.4250,45.8753,-2.100,-1.500
 4.4260,46.0625,-2.000,-1.550
 4.4270,45.9823,-2.150,-1.400
 4.4280,46.0052,-1.950,-1.350
 4.4290,45.9230,-2.050,-1.400
 4.4300,45.9510,-2.100,-1.500
 4.4310,46.0362,-2.150,-1.500
 4.4320,45.9988,-1.950,-1.550
 4.4330,45.8385,-2.100,-1.550
 4.4340,45.8598,-2.100,-1.600
 4.4350,46.0510,-2.200,-1.450
 4.4360,45.9385,-2.050,-1.400
 4.4370,46.1809,-1.900,-1.600
 4.4380,46.0434,-1.800,-1.650
 4.4390,45.9149,-2.000,-1.550
 4.4400,45.8742,-2.000,-1.450
 4.4410,46.0086,-2.250,-1.350
 4.4420,45.9023,-1.900,-1.400
 4.4430,45.9962,-1.850,-1.650
 4.4440,45.9594,-2.150,-1.550
 4.4450,45.9095,-2.050,-1.400
 4.4460,46.0805,-1.950,-1.600
 4.4470,46.1295,-1.850,-1.650
 4.4480,45.8376,-1.700,-1.700
 4.4490,45.8949,-2.200,-1.400
 4.4500,46.0303,-2.350,-1.350
 4.4510,45.8817,-2.500,-1.350
 4.4520,45.8017,-2.200,-1.450
 4.4530,45.9231,-2.200,-1.450
 4.4540,46.0168,-2.050,-1.650
 4.4550,45.8855,-2.050,-1.650
 4.4560,45.8387,-1.900,-1.550
 4.4570,45.8242,-2.000,-1.650
 4.4580,45.9940,-2.100,-1.650
 4.4590,45.9374,-2.100,-1.650
 4.4600,45.9645,-2.200,-1.650
 4.4610,45.9644,-1.900,-1.700
 4.4620,45.9524,-1.950,-1.700
 4.4630,45.8384,-2.150,-1.500
 4.4640,45.8031,-2.100,-1.650
 4.4650,45.9570,-2.200,-1.650
 4.4660,45.9382,-2.200,-1.450
 4.4670,45.8484,-1.800,-1.750
 4.4680,45.9287,-1.850,-1.800
 4.4690,45.8943,-2.050,-1.700
 4.4700,45.9306,-1.900,-1.550
 4.4710,45.9145,-2.000,-1.750
 4.4720,45.9383,-2.200,-1.550
 4.4730,46.0209,-2.250,-1.500
 4.4740,45.8924,-1.950,-1.750
 4.4750,46.0476,-2.150,-1.600
 4.4760,45.9599,-2.050,-1.600
 4.4770,45.9179,-2.000,-1.750
 4.4780,45.9387,-1.800,-1.850
 4.4790,45.8873,-2.000,-1.800
 4.4800,45.8718,-2.000,-1.700
 4.4810,45.9744,-2.200,-1.550
 4.4820,46.2037,-1.900,-1.800
 4.4830,45.7861,-1.850,-1.850
 4.4840,45.9899,-2.050,-1.750
 4.4850,46.0274,-2.350,-1.550
 4.4860,45.9048,-2.100,-1.550
 4.4870,45.9218,-1.950,-1.600
 4.4880,45.9944,-2.200,-1.550
 4.4890,45.9742,-2.150,-1.650
 4.4900,45.9785,-2.300,-1.600
 4.4910,45.9020,-2.150,-1.800
 4.4920,46.0472,-1.950,-1.850
 4.4930,45.8995,-2.000,-1.800
 4.4940,45.7775,-2.200,-1.800
 4.4950,46.0112,-2.050,-1.650
 4.4960,45.8578,-2.050,-1.850
 4.4970,46.0758,-2.150,-1.650
 4.4980,45.8601,-1.950,-1.700
 4.4990,45.8387,-2.000,-1.700
 4.5000,45.8231,-2.250,-1.800
 4.5010,45.7368,-1.900,-1.750
 4.5020,45.8836,-1.850,-1.750
 4.5030,45.9491,-2.000,-1.700
 4.5040,45.9694,-1.850,-1.900
 4.5050,45.8061,-2.100,-1.700
 4.5060,45.8481,-2.100,-1.850
 4.5070,45.8775,-2.000,-1.900
 4.5080,45.8490,-2.000,-1.750
 4.5090,45.8327,-2.200,-1.650
 4.5100,45.8468,-2.150,-1.650
 4.5110,45.8881,-1.950,-1.750
 4.5120,45.7598,-2.300,-1.600
 4.5130,45.9046,-2.000,-1.750
 4.5140,45.7309,-2.100,-1.900
 4.5150,45.8196,-2.100,-1.700
 4.5160,45.9852,-2.000,-1.750
 4.5170,45.7056,-2.050,-1.800
 4.5180,45.7934,-2.150,-1.900
 4.5190,45.8407,-2.000,-1.800
 4.5200,45.8203,-1.850,-1.850
 4.5210,45.7784,-2.000,-1.850
 4.5220,45.8842,-2.300,-1.900
 4.5230,45.7834,-1.950,-1.850
 4.5240,45.7520,-1.950,-1.800
 4.5250,45.9842,-2.100,-1.800
 4.5260,45.7589,-2.150,-1.750
 4.5270,45.8094,-1.850,-1.900
 4.5280,45.8359,-2.050,-1.800
 4.5290,45.7088,-1.900,-1.900
 4.5300,45.8419,-2.150,-1.800
 4.5310,45.8574,-2.000,-1.800
 4.5320,45.9062,-2.200,-1.800
 4.5330,45.7385,-2.200,-1.800
 4.5340,45.8251,-2.100,-1.800
 4.5350,46.0066,-2.050,-1.850
 4.5360,45.8431,-2.100,-1.750
 4.5370,45.7812,-1.900,-1.850
 4.5380,45.7713,-1.900,-1.800
 4.5390,45.6740,-1.900,-1.850
 4.5400,45.7211,-2.000,-1.900
 4.5410,45.6272,-2.200,-1.900
 4.5420,45.7009,-1.950,-1.900
 4.5430,45.6942,-2.050,-1.850
 4.5440,45.8565,-1.850,-1.900
 4.5450,45.8008,-1.950,-1.900
 4.5460,45.9049,-2.100,-1.900
 4.5470,45.6830,-2.050,-1.900
 4.5480,45.8214,-2.100,-1.900
 4.5490,45.7490,-2.100,-1.900
 4.5500,45.8317,-2.050,-1.850
 4.5510,45.6150,-2.200,-1.900
 4.5520,45.6615,-2.000,-1.900
 4.5530,45.6942,-2.000,-1.850
 4.5540,45.8137,-2.150,-1.800
 4.5550,45.8316,-2.250,-1.900
 4.5560,45.9211,-2.050,-1.850
 4.5570,45.9201,-2.050,-1.900
 4.5580,45.8291,-2.100,-1.900
 4.5590,45.7972,-2.100,-1.850
 4.5600,45.7186,-2.100,-1.900
 4.5610,45.9128,-2.150,-1.900
 4.5620,45.7242,-2.050,-1.900
 4.5630,45.9679,-2.200,-1.900
 4.5640,45.7896,-2.100,-1.900
 4.5650,45.8422,-2.200,-1.900
 4.5660,45.5744,-1.900,-1.900
 4.5670,46.1574,-2.150,-1.900
 4.5680,45.9113,-2.150,-1.900
 4.5690,45.7295,-2.050,-1.900
 4.5700,45.7276,-2.100,-1.900
 4.5710,45.9234,-2.300,-1.900
 4.5720,45.6717,-2.300,-1.900
 4.5730,45.7604,-2.200,-1.900
 4.5740,45.8248,-2.100,-1.900
 4.5750,45.7622,-2.300,-1.900
 4.5760,45.6955,-2.300,-1.900
 4.5770,45.5950,-2.250,-1.900
 4.5780,45.5448,-2.300,-1.900
 4.5790,45.7793,-2.250,-1.900
 4.5800,45.6255,-2.300,-1.900
 4.5810,45.7359,-2.200,-1.900
 4.5820,45.4474,-2.300,-1.900
 4.5830,45.5591,-2.250,-1.900
 4.5840,45.4474,-2.300,-1.900
 4.5850,45.6037,-2.200,-1.900
 4.5860,45.5210,-2.200,-1.900
 4.5870,45.2188,-2.200,-1.900
 4.5880,45.4124,-2.150,-1.900
 4.5890,45.2788,-2.200,-1.900
 4.5900,45.5735,-2.300,-1.900
 4.5910,45.2126,-2.250,-1.900
 4.5920,45.6148,-2.200,-1.900
 4.5930,45.3072,-2.200,-1.900
 4.5940,45.3931,-2.300,-1.900
 4.5950,45.4739,-2.300,-1.900
 4.5960,45.2324,-2.300,-1.900
 4.5970,44.9649,-2.300,-1.900
 4.5980,44.9370,-2.250,-1.900
 4.5990,44.9026,-2.300,-1.900
 4.6000,44.7320,-2.300,-1.900
 4.6010,44.7775,-2.200,-1.900
 4.6020,44.6674,-2.250,-1.900
 4.6030,44.7291,-2.250,-1.900
 4.6040,44.7682,-2.200,-1.900
 4.6050,44.5142,-2.250,-1.900
 4.6060,44.2971,-2.200,-1.900
 4.6070,44.5996,-2.200,-1.900
 4.6080,44.4668,-2.200,-1.900
 4.6090,44.5313,-2.300,-1.900
 4.6100,44.5664,-2.200,-1.900
 4.6110,44.3454,-2.300,-1.900
 4.6120,44.1804,-2.200,-1.900
 4.6130,44.1625,-2.100,-1.900
 4.6140,44.4304,-2.250,-1.900
 4.6150,44.1899,-2.300,-1.900
 4.6160,44.2946,-2.250,-1.900
 4.6170,44.1620,-2.250,-1.900
 4.6180,44.4085,-2.250,-1.900
 4.6190,44.2481,-2.250,-1.900
 4.6200,44.1040,-2.150,-1.900
 4.6210,44.0978,-2.300,-1.900
 4.6220,44.1536,-2.150,-1.900
 4.6230,43.9827,-2.300,-1.900
 4.6240,44.2022,-2.250,-1.900
 4.6250,44.1289,-2.300,-1.900
 4.6260,44.0082,-2.300,-1.900
 4.6270,43.9292,-2.300,-1.900
 4.6280,44.2714,-2.250,-1.900
 4.6290,43.8915,-2.300,-1.900
 4.6300,43.9622,-2.250,-1.900
 4.6310,43.9678,-2.300,-1.900
 4.6320,43.8664,-2.300,-1.900
 4.6330,43.9318,-2.250,-1.900
 4.6340,43.9438,-2.300,-1.900
 4.6350,43.7148,-2.200,-1.900
 4.6360,43.6319,-2.250,-1.900
 4.6370,43.6241,-2.150,-1.900
 4.6380,43.3369,-2.300,-1.900
 4.6390,43.5703,-2.300,-1.900
 4.6400,43.4677,-2.300,-1.900
 4.6410,43.5164,-2.250,-1.900
 4.6420,43.2126,-2.300,-1.900
 4.6430,43.2824,-2.300,-1.900
 4.6440,43.2791,-2.300,-1.900
 4.6450,43.0832,-2.300,-1.900
 4.6460,42.9963,-2.250,-1.900
 4.6470,43.1590,-2.200,-1.900
 4.6480,43.0184,-2.300,-1.900
 4.6490,42.8523,-2.200,-1.900
 4.6500,42.7578,-2.100,-1.900
 4.6510,42.6477,-2.200,-1.900
 4.6520,43.0322,-2.300,-1.900
 4.6530,42.7802,-2.300,-1.900
 4.6540,42.5674,-2.250,-1.900
 4.6550,42.9061,-2.300,-1.900
 4.6560,42.6108,-2.300,-1.900
 4.6570,42.4793,-2.300,-1.900
 4.6580,42.6417,-2.250,-1.900
 4.6590,42.7184,-2.250,-1.900
 4.6600,42.2824,-2.100,-1.900
 4.6610,42.5050,-2.300,-1.900
 4.6620,42.5293,-2.300,-1.900
 4.6630,42.6300,-2.300,-1.900
 4.6640,42.2106,-2.250,-1.900
 4.6650,42.8094,-2.300,-1.900
 4.6660,42.4603,-2.300,-1.900
 4.6670,42.2015,-2.300,-1.900
 4.6680,42.0149,-2.300,-1.900
 4.6690,42.0263,-2.300,-1.900
 4.6700,42.1287,-2.300,-1.900
 4.6710,41.9802,-2.250,-1.900
 4.6720,42.2372,-2.300,-1.900
 4.6730,42.2313,-2.200,-1.900
 4.6740,41.9232,-2.300,-1.900
 4.6750,41.8849,-2.200,-1.900
 4.6760,41.6605,-2.200,-1.900
 4.6770,41.6879,-2.200,-1.900
 4.6780,41.6323,-2.250,-1.900
 4.6790,41.5249,-2.250,-1.900
 4.6800,41.7357,-2.300,-1.900
 4.6810,41.7694,-2.250,-1.900
 4.6820,41.7184,-2.300,-1.900
 4.6830,41.4003,-2.250,-1.900
 4.6840,41.5203,-2.250,-1.900
 4.6850,41.3684,-2.250,-1.900
 4.6860,41.4761,-2.250,-1.900
 4.6870,41.1101,-2.200,-1.900
 4.6880,41.5183,-2.250,-1.900
 4.6890,41.3275,-2.250,-1.900
 4.6900,41.1338,-2.200,-1.900
 4.6910,41.2330,-2.250,-1.900
 4.6920,41.0074,-2.300,-1.900
 4.6930,40.8835,-2.100,-1.900
 4.6940,41.2952,-2.300,-1.900
 4.6950,40.9131,-2.250,-1.900
 4.6960,40.9605,-2.200,-1.900
 4.6970,41.0092,-2.300,-1.900
 4.6980,41.0025,-2.250,-1.900
 4.6990,41.1828,-2.300,-1.900
 4.7000,40.9765,-2.200,-1.900
