search settings:
	Cpar Precision = 5
	Cser Precision = 3
	Acq. Frequency Start = 2.000 MHz
	Acq. Frequency Stop = 3.000 MHz
	Acq. Frequency Spacing = 0.001 MHz
	S11 Optimization Frequency Start = 2.20 MHz
	S11 Optimization Frequency Stop = 2.80 MHz
	Cpar seed = 800 (318.0 pF)
	Cser seed = 289 (119.0 pF)

freq(MHz)	 S11(dB)	 Cpar(digit)	 Cser(digit)
 2.0000,-0.1406,    720,    289
 2.0010,-0.0788,    765,    280
 2.0020,-0.0748,    765,    289
 2.0030, 0.0092,    735,    283
 2.0040, 0.0094,    765,    292
 2.0050,-0.2675,    760,    286
 2.0060,-0.1379,    765,    286
 2.0070,-0.1200,    765,    286
 2.0080,-0.1144,    650,    262
 2.0090,-0.1742,    635,    262
 2.0100,-0.0215,    690,    283
 2.0110,-0.0568,    875,    292
 2.0120, 0.0841,    740,    283
 2.0130, 0.1267,    755,    292
 2.0140, 0.2022,    755,    289
 2.0150, 0.1814,    750,    289
 2.0160, 0.1812,    755,    289
 2.0170, 0.2445,    765,    292
 2.0180, 0.2184,    755,    289
 2.0190, 0.2242,    755,    292
 2.0200, 0.2464,    755,    289
 2.0210, 0.2603,    755,    286
 2.0220, 0.2748,    765,    280
 2.0230, 0.2747,    765,    289
 2.0240, 0.2897,    765,    280
 2.0250, 0.2889,    755,    289
 2.0260, 0.3171,    765,    280
 2.0270, 0.3456,    765,    277
 2.0280, 0.3575,    765,    283
 2.0290, 0.3557,    765,    280
 2.0300, 0.4414,    740,    286
 2.0310, 0.0551,    740,    289
 2.0320, 0.2019,    765,    280
 2.0330, 0.3036,    605,    274
 2.0340, 0.3012,    730,    283
 2.0350, 0.3419,    580,    256
 2.0360, 0.2156,    640,    256
 2.0370, 0.1838,    695,    277
 2.0380, 0.1453,    715,    289
 2.0390, 0.2135,    755,    292
 2.0400, 0.3405,    580,    250
 2.0410, 0.3450,    580,    250
 2.0420, 0.3591,    580,    250
 2.0430, 0.3555,    765,    280
 2.0440, 0.3281,    590,    250
 2.0450, 0.3386,    765,    280
 2.0460, 0.3639,    765,    280
 2.0470, 0.3405,    695,    289
 2.0480, 0.3112,    710,    292
 2.0490, 0.3473,    690,    289
 2.0500, 0.3558,    715,    280
 2.0510, 0.3559,    635,    283
 2.0520, 0.3112,    705,    286
 2.0530, 0.3204,    700,    283
 2.0540, 0.3042,    705,    277
 2.0550, 0.3373,    680,    280
 2.0560, 0.3440,    675,    277
 2.0570, 0.3911,    680,    280
 2.0580, 0.3635,    700,    274
 2.0590, 0.3547,    680,    277
 2.0600, 0.2656,    660,    280
 2.0610, 0.3381,    625,    277
 2.0620, 0.3586,    680,    274
 2.0630, 0.3389,    620,    274
 2.0640, 0.3652,    665,    274
 2.0650, 0.2624,    615,    265
 2.0660, 0.1988,    630,    280
 2.0670, 0.3030,    815,    289
 2.0680, 0.3723,    680,    271
 2.0690, 0.3824,    630,    274
 2.0700, 0.3999,    635,    271
 2.0710, 0.3738,    625,    271
 2.0720, 0.3753,    635,    268
 2.0730, 0.3874,    630,    271
 2.0740, 0.3802,    635,    265
 2.0750, 0.4003,    625,    268
 2.0760, 0.3683,    705,    280
 2.0770, 0.3888,    615,    265
 2.0780, 0.4085,    635,    265
 2.0790, 0.4187,    615,    265
 2.0800, 0.4347,    635,    262
 2.0810, 0.4200,    625,    265
 2.0820, 0.4376,    680,    286
 2.0830, 0.4659,    600,    268
 2.0840, 0.4212,    620,    262
 2.0850, 0.3859,    605,    277
 2.0860, 0.4219,    600,    277
 2.0870, 0.4698,    630,    274
 2.0880, 0.7253,    610,    259
 2.0890,-0.0631,    600,    277
 2.0900, 0.3690,    615,    256
 2.0910, 0.3766,    590,    265
 2.0920, 0.2993,    610,    268
 2.0930, 0.2765,    640,    256
 2.0940,-0.0672,    595,    256
 2.0950, 0.0704,    640,    271
 2.0960, 0.1617,    680,    277
 2.0970, 0.2407,    745,    286
 2.0980, 0.3687,    610,    274
 2.0990, 0.4102,    615,    256
 2.1000, 0.4161,    605,    274
 2.1010, 0.5181,    610,    262
 2.1020, 0.4612,    635,    280
 2.1030, 0.4850,    630,    262
 2.1040, 0.5034,    635,    259
 2.1050, 0.4997,    615,    259
 2.1060, 0.4875,    610,    262
 2.1070, 0.5007,    615,    262
 2.1080, 0.5559,    615,    268
 2.1090, 0.5645,    660,    277
 2.1100, 0.5559,    615,    265
 2.1110, 0.5521,    635,    283
 2.1120, 0.5507,    615,    268
 2.1130, 0.5166,    680,    271
 2.1140, 0.5233,    610,    268
 2.1150, 0.5950,    640,    280
 2.1160, 0.5540,    580,    265
 2.1170, 0.5302,    590,    259
 2.1180, 0.5978,    660,    271
 2.1190, 0.7075,    630,    280
 2.1200, 0.6685,    630,    274
 2.1210, 0.7324,    610,    256
 2.1220, 0.6028,   1145,    343
 2.1230, 0.4955,   1145,    343
 2.1240, 0.4457,   1145,    343
 2.1250, 0.4677,   1145,    343
 2.1260, 0.4797,   1145,    343
 2.1270, 0.3259,   1145,    343
 2.1280, 0.2457,   1145,    343
 2.1290, 0.3183,   1145,    343
 2.1300, 0.1338,   1145,    343
 2.1310, 0.0503,   1145,    343
 2.1320, 0.0222,   1145,    343
 2.1330,-0.0086,   1145,    343
 2.1340,-0.0887,   1145,    343
 2.1350,-0.1909,   1145,    343
 2.1360,-0.2604,   1145,    343
 2.1370,-0.3350,   1145,    343
 2.1380,-0.3619,   1145,    343
 2.1390,-0.4000,   1145,    343
 2.1400,-0.5475,   1145,    343
 2.1410,-0.5004,   1145,    343
 2.1420,-0.5669,   1145,    343
 2.1430,-0.7418,   1145,    343
 2.1440,-0.7860,   1145,    343
 2.1450,-0.8506,   1145,    343
 2.1460,-0.9219,   1145,    343
 2.1470,-1.0027,   1145,    343
 2.1480,-1.2431,   1145,    343
 2.1490,-1.5712,   1145,    343
 2.1500,-1.6982,   1145,    343
 2.1510,-1.6602,   1145,    343
 2.1520,-1.8311,   1145,    343
 2.1530,-2.0487,   1145,    343
 2.1540,-2.2775,   1145,    343
 2.1550,-2.2796,   1145,    343
 2.1560,-2.7137,   1145,    343
 2.1570,-2.9644,   1145,    343
 2.1580,-3.2620,   1145,    343
 2.1590,-3.5743,   1145,    343
 2.1600,-3.7717,   1145,    343
 2.1610,-4.1447,   1145,    343
 2.1620,-4.6091,   1145,    343
 2.1630,-4.9968,   1145,    343
 2.1640,-5.4382,   1145,    343
 2.1650,-5.8957,   1145,    343
 2.1660,-6.3837,   1145,    343
 2.1670,-6.7717,   1145,    343
 2.1680,-7.3960,   1145,    343
 2.1690,-7.9837,   1145,    343
 2.1700,-8.6419,   1145,    343
 2.1710,-9.4195,   1145,    343
 2.1720,-10.1738,   1145,    343
 2.1730,-10.7572,   1145,    343
 2.1740,-11.5019,   1145,    343
 2.1750,-13.5137,   1145,    343
 2.1760,-14.4585,   1145,    343
 2.1770,-15.3217,   1145,    343
 2.1780,-16.8984,   1145,    343
 2.1790,-18.8421,   1145,    343
 2.1800,-20.5860,   1145,    343
 2.1810,-23.2267,   1145,    343
 2.1820,-26.3991,   1145,    343
 2.1830,-27.5116,   1145,    343
 2.1840,-27.6237,   1145,    343
 2.1850,-25.8050,   1145,    343
 2.1860,-20.0086,   1145,    343
 2.1870,-20.2464,   1145,    343
 2.1880,-19.3007,   1145,    340
 2.1890,-21.5501,   1145,    340
 2.1900,-24.9154,   1145,    340
 2.1910,-29.3768,   1145,    340
 2.1920,-35.9689,   1145,    340
 2.1930,-37.1783,   1145,    337
 2.1940,-35.4282,   1145,    337
 2.1950,-29.9801,   1145,    334
 2.1960,-37.1887,   1145,    334
 2.1970,-30.7441,   1145,    331
 2.1980,-31.1586,   1145,    331
 2.1990,-25.9741,   1145,    331
 2.2000,-28.3178,   1140,    340
 2.2010,-33.1353,   1140,    340
 2.2020,-33.3999,   1135,    340
 2.2030,-38.5465,   1135,    337
 2.2040,-30.9247,   1135,    337
 2.2050,-37.5256,   1140,    334
 2.2060,-33.8107,   1135,    334
 2.2070,-33.5379,   1140,    331
 2.2080,-28.8327,   1135,    331
 2.2090,-24.8918,   1135,    331
 2.2100,-26.9018,   1115,    343
 2.2110,-27.4157,   1130,    340
 2.2120,-34.2105,   1130,    340
 2.2130,-31.4998,   1130,    340
 2.2140,-40.5003,   1130,    337
 2.2150,-29.4515,   1130,    334
 2.2160,-39.9211,   1130,    334
 2.2170,-33.4339,   1125,    337
 2.2180,-33.8616,   1125,    337
 2.2190,-30.1572,   1125,    334
 2.2200,-37.6840,   1125,    334
 2.2210,-35.8312,   1115,    337
 2.2220,-33.2979,   1115,    337
 2.2230,-30.1828,   1115,    334
 2.2240,-37.7008,   1115,    334
 2.2250,-31.7359,   1115,    331
 2.2260,-30.5213,   1115,    331
 2.2270,-32.1252,   1120,    340
 2.2280,-34.3816,   1120,    337
 2.2290,-32.6970,   1120,    337
 2.2300,-32.7036,   1110,    340
 2.2310,-46.5351,   1120,    334
 2.2320,-32.3636,   1120,    331
 2.2330,-35.0551,   1110,    334
 2.2340,-35.2026,   1110,    334
 2.2350,-32.8668,   1105,    340
 2.2360,-37.0990,   1105,    337
 2.2370,-33.8515,   1020,    319
 2.2380,-39.9222,   1015,    319
 2.2390,-36.9331,   1015,    319
 2.2400,-40.2887,   1105,    331
 2.2410,-33.7763,   1105,    331
 2.2420,-30.9924,   1120,    328
 2.2430,-45.2948,   1085,    334
 2.2440,-33.6292,   1085,    334
 2.2450,-34.1092,   1085,    331
 2.2460,-44.2046,   1100,    334
 2.2470,-35.9167,   1100,    331
 2.2480,-40.1504,   1100,    331
 2.2490,-40.3326,   1010,    319
 2.2500,-38.9546,   1095,    331
 2.2510,-36.6990,   1005,    319
 2.2520,-44.3338,   1005,    319
 2.2530,-30.2440,   1075,    340
 2.2540,-38.5353,   1080,    334
 2.2550,-44.7081,   1080,    334
 2.2560,-40.6804,   1080,    331
 2.2570,-49.2224,   1075,    334
 2.2580,-48.2152,   1010,    328
 2.2590,-42.0124,   1075,    331
 2.2600,-50.9928,   1090,    334
 2.2610,-39.4495,   1000,    319
 2.2620,-47.5933,    995,    319
 2.2630,-34.5110,    995,    319
 2.2640,-38.5602,   1070,    334
 2.2650,-37.7747,   1070,    334
 2.2660,-45.1374,    990,    319
 2.2670,-34.1832,    990,    319
 2.2680,-30.4555,   1065,    337
 2.2690,-31.6477,   1065,    334
 2.2700,-58.0800,   1065,    334
 2.2710,-49.8005,    985,    319
 2.2720,-40.7036,   1000,    328
 2.2730,-34.6480,    995,    328
 2.2740,-37.5222,   1055,    334
 2.2750,-39.1689,    990,    325
 2.2760,-42.4590,    990,    328
 2.2770,-35.2858,    990,    328
 2.2780,-29.9926,    995,    322
 2.2790,-30.7090,   1060,    334
 2.2800,-41.8349,   1060,    334
 2.2810,-43.0140,    975,    319
 2.2820,-35.8126,    980,    319
 2.2830,-33.1977,    985,    313
 2.2840,-29.6241,   1050,    337
 2.2850,-30.5003,   1050,    334
 2.2860,-45.7861,   1050,    334
 2.2870,-33.8994,   1050,    331
 2.2880,-38.1955,   1050,    331
 2.2890,-42.1678,    955,    319
 2.2900,-46.1926,   1045,    334
 2.2910,-49.8187,    975,    328
 2.2920,-42.6725,    980,    328
 2.2930,-30.7355,    980,    328
 2.2940,-26.7641,    965,    334
 2.2950,-29.7321,    965,    319
 2.2960,-40.9770,    965,    319
 2.2970,-33.7134,    980,    322
 2.2980,-41.0085,    955,    325
 2.2990,-34.0058,    955,    328
 2.3000,-53.9304,    970,    325
 2.3010,-38.1833,    970,    328
 2.3020,-42.4544,   1035,    334
 2.3030,-37.8531,   1040,    331
 2.3040,-40.0837,   1035,    331
 2.3050,-41.3673,    965,    325
 2.3060,-36.7341,    965,    328
 2.3070,-37.6437,    965,    328
 2.3080,-31.1199,    950,    325
 2.3090,-43.8610,    950,    325
 2.3100,-36.3199,    950,    316
 2.3110,-34.4297,    950,    328
 2.3120,-38.0275,   1030,    334
 2.3130,-32.8512,   1030,    334
 2.3140,-44.8224,    945,    325
 2.3150,-36.5427,    935,    319
 2.3160,-48.5347,    960,    325
 2.3170,-39.5611,    960,    328
 2.3180,-44.9988,    960,    313
 2.3190,-42.9890,   1025,    319
 2.3200,-33.9256,   1025,    319
 2.3210,-44.7625,    945,    322
 2.3220,-37.4813,    960,    322
 2.3230,-39.1985,    960,    322
 2.3240,-38.7555,   1030,    328
 2.3250,-41.8462,    935,    316
 2.3260,-40.9280,    940,    313
 2.3270,-39.5576,    935,    313
 2.3280,-33.0550,   1025,    325
 2.3290,-35.6429,   1025,    325
 2.3300,-42.8630,   1025,    328
 2.3310,-47.2570,    935,    322
 2.3320,-31.5059,    935,    322
 2.3330,-28.7969,    935,    307
 2.3340,-29.3931,    930,    325
 2.3350,-32.9536,    930,    325
 2.3360,-42.7487,    930,    316
 2.3370,-41.7307,    925,    316
 2.3380,-39.8652,    925,    313
 2.3390,-37.4384,    925,    313
 2.3400,-28.2873,    925,    313
 2.3410,-33.2189,    930,    310
 2.3420,-39.6632,    930,    322
 2.3430,-38.5779,    925,    322
 2.3440,-32.0219,    925,    307
 2.3450,-28.7863,    925,    307
 2.3460,-26.0145,    920,    316
 2.3470,-30.5992,    920,    316
 2.3480,-33.9567,    920,    316
 2.3490,-38.7946,    920,    313
 2.3500,-38.7059,    915,    313
 2.3510,-33.0794,    895,    316
 2.3520,-33.7630,    895,    316
 2.3530,-40.6872,    920,    310
 2.3540,-43.6861,    915,    310
 2.3550,-42.6546,    920,    307
 2.3560,-35.0032,    915,    307
 2.3570,-47.6820,    895,    310
 2.3580,-32.5536,    895,    310
 2.3590,-38.6848,    895,    307
 2.3600,-32.7469,    910,    313
 2.3610,-27.3030,    910,    313
 2.3620,-28.8634,    890,    316
 2.3630,-33.8363,    910,    310
 2.3640,-42.1636,    910,    310
 2.3650,-37.8829,    910,    307
 2.3660,-34.7330,    910,    307
 2.3670,-29.0309,    915,    304
 2.3680,-36.4290,    890,    310
 2.3690,-37.2957,    905,    310
 2.3700,-52.6622,    890,    307
 2.3710,-61.2032,    905,    307
 2.3720,-33.2730,    905,    307
 2.3730,-28.7152,    885,    310
 2.3740,-36.2290,    885,    310
 2.3750,-35.0631,    885,    310
 2.3760,-44.5394,    885,    307
 2.3770,-33.0063,    910,    304
 2.3780,-28.1089,    890,    301
 2.3790,-29.2429,    890,    301
 2.3800,-30.0708,    905,    301
 2.3810,-35.8174,    890,    304
 2.3820,-37.7585,    900,    307
 2.3830,-34.3773,    900,    307
 2.3840,-28.6586,    900,    307
 2.3850,-34.1931,    880,    310
 2.3860,-35.5622,    875,    310
 2.3870,-36.7930,    880,    307
 2.3880,-35.8367,    875,    307
 2.3890,-26.6965,    880,    307
 2.3900,-26.8758,    900,    301
 2.3910,-30.8761,    900,    301
 2.3920,-32.0764,    900,    301
 2.3930,-31.3248,    900,    304
 2.3940,-49.0176,    900,    304
 2.3950,-34.2205,    900,    304
 2.3960,-34.2513,    880,    301
 2.3970,-33.6198,    875,    301
 2.3980,-32.1063,    880,    304
 2.3990,-53.3661,    880,    304
 2.4000,-38.1215,    875,    304
 2.4010,-28.7745,    875,    304
 2.4020,-26.5321,    880,    295
 2.4030,-26.9041,    875,    295
 2.4040,-28.3048,    880,    298
 2.4050,-29.0912,    875,    298
 2.4060,-30.4903,    865,    307
 2.4070,-27.5636,    860,    310
 2.4080,-32.3370,    870,    301
 2.4090,-39.9819,    870,    301
 2.4100,-30.7601,    870,    301
 2.4110,-38.5731,    870,    304
 2.4120,-34.1014,    870,    304
 2.4130,-28.3923,    870,    304
 2.4140,-29.3397,    865,    301
 2.4150,-42.4017,    865,    301
 2.4160,-31.4049,    865,    301
 2.4170,-33.8237,    865,    304
 2.4180,-41.5313,    860,    301
 2.4190,-47.9018,    855,    301
 2.4200,-33.8222,    855,    301
 2.4210,-36.6705,    860,    304
 2.4220,-33.8119,    855,    304
 2.4230,-32.6307,    865,    298
 2.4240,-29.9971,    865,    298
 2.4250,-29.4295,    855,    295
 2.4260,-34.4892,    860,    298
 2.4270,-33.8616,    855,    298
 2.4280,-29.9343,    855,    298
 2.4290,-26.0121,    845,    307
 2.4300,-28.7871,    850,    301
 2.4310,-37.4679,    850,    301
 2.4320,-35.7400,    850,    301
 2.4330,-29.3888,    850,    304
 2.4340,-32.1912,    850,    304
 2.4350,-29.7657,    850,    304
 2.4360,-28.0807,    845,    301
 2.4370,-35.2902,    845,    301
 2.4380,-36.9903,    845,    301
 2.4390,-37.4217,    850,    298
 2.4400,-37.3359,    830,    301
 2.4410,-33.7937,    830,    301
 2.4420,-27.8415,    830,    301
 2.4430,-30.5763,    845,    295
 2.4440,-38.4301,    845,    295
 2.4450,-33.3162,    845,    298
 2.4460,-43.9729,    845,    298
 2.4470,-38.1263,    830,    295
 2.4480,-35.2801,    830,    298
 2.4490,-40.9740,    830,    298
 2.4500,-33.7259,    840,    301
 2.4510,-32.6860,    835,    301
 2.4520,-32.3858,    825,    295
 2.4530,-44.2477,    825,    295
 2.4540,-34.1410,    825,    295
 2.4550,-38.6442,    825,    298
 2.4560,-37.4534,    765,    295
 2.4570,-41.8870,    840,    295
 2.4580,-33.8383,    835,    295
 2.4590,-34.7105,    835,    298
 2.4600,-31.2753,    830,    292
 2.4610,-29.5417,    830,    289
 2.4620,-30.0563,    830,    289
 2.4630,-27.8298,    760,    301
 2.4640,-26.7498,    825,    286
 2.4650,-28.2028,    825,    292
 2.4660,-30.9806,    820,    295
 2.4670,-44.1995,    820,    295
 2.4680,-34.7728,    825,    289
 2.4690,-36.8441,    765,    292
 2.4700,-34.7299,    840,    292
 2.4710,-37.9163,    760,    295
 2.4720,-35.7535,    755,    295
 2.4730,-31.7638,    755,    295
 2.4740,-34.8980,    755,    298
 2.4750,-30.9784,    755,    298
 2.4760,-25.9550,    750,    301
 2.4770,-25.4252,    820,    286
 2.4780,-28.2413,    820,    286
 2.4790,-35.1060,    820,    292
 2.4800,-38.2213,    815,    292
 2.4810,-33.4837,    820,    289
 2.4820,-41.0724,    760,    292
 2.4830,-36.4901,    760,    292
 2.4840,-39.2317,    760,    289
 2.4850,-49.0698,    755,    292
 2.4860,-31.4760,    755,    292
 2.4870,-37.7853,    755,    289
 2.4880,-33.3640,    745,    295
 2.4890,-35.0455,    805,    298
 2.4900,-31.3417,    745,    298
 2.4910,-28.4631,    745,    298
 2.4920,-29.6652,    795,    295
 2.4930,-44.9403,    795,    295
 2.4940,-42.7984,    735,    295
 2.4950,-33.1867,    795,    298
 2.4960,-31.7595,    735,    298
 2.4970,-28.9498,    750,    289
 2.4980,-27.8863,    805,    286
 2.4990,-34.9693,    805,    292
 2.5000,-37.6526,    805,    292
 2.5010,-42.8309,    745,    292
 2.5020,-36.0046,    740,    295
 2.5030,-36.8770,    745,    289
 2.5040,-31.7790,    745,    289
 2.5050,-31.8177,    795,    292
 2.5060,-39.7720,    795,    292
 2.5070,-51.6866,    735,    292
 2.5080,-34.6108,    795,    289
 2.5090,-36.8437,    735,    289
 2.5100,-31.9629,    735,    289
 2.5110,-28.1689,    800,    286
 2.5120,-34.7003,    800,    292
 2.5130,-40.5005,    800,    292
 2.5140,-32.9696,    800,    292
 2.5150,-42.2457,    800,    289
 2.5160,-43.4208,    740,    292
 2.5170,-33.8377,    740,    289
 2.5180,-43.8349,    740,    289
 2.5190,-37.6260,    790,    292
 2.5200,-41.1188,    790,    292
 2.5210,-37.4373,    730,    292
 2.5220,-37.3401,    730,    289
 2.5230,-38.1699,    730,    289
 2.5240,-28.7813,    730,    289
 2.5250,-31.6692,    785,    286
 2.5260,-34.9345,    785,    292
 2.5270,-36.9660,    785,    292
 2.5280,-36.0712,    725,    286
 2.5290,-41.3982,    785,    289
 2.5300,-34.6825,    725,    289
 2.5310,-45.2265,    725,    289
 2.5320,-32.2464,    725,    289
 2.5330,-26.4925,    725,    289
 2.5340,-22.9437,    725,    289
 2.5350,-23.7609,    700,    295
 2.5360,-26.0402,    700,    295
 2.5370,-27.7085,    700,    295
 2.5380,-31.0151,    715,    286
 2.5390,-37.9002,    715,    286
 2.5400,-36.6019,    715,    292
 2.5410,-35.4643,    775,    292
 2.5420,-44.2282,    715,    289
 2.5430,-40.7655,    775,    289
 2.5440,-36.5218,    720,    283
 2.5450,-37.5303,    720,    289
 2.5460,-29.9551,    720,    289
 2.5470,-24.6247,    720,    289
 2.5480,-24.5420,    700,    286
 2.5490,-30.7082,    700,    286
 2.5500,-45.6032,    700,    286
 2.5510,-35.1890,    700,    286
 2.5520,-36.4561,    695,    286
 2.5530,-32.5797,    770,    286
 2.5540,-39.0471,    770,    286
 2.5550,-37.0833,    695,    283
 2.5560,-45.5377,    770,    283
 2.5570,-38.6987,    710,    283
 2.5580,-32.2870,    710,    289
 2.5590,-28.2939,    710,    289
 2.5600,-27.1586,    705,    286
 2.5610,-32.0897,    705,    286
 2.5620,-39.5014,    705,    286
 2.5630,-32.2193,    705,    283
 2.5640,-50.1681,    705,    283
 2.5650,-33.2351,    705,    283
 2.5660,-31.1711,    690,    286
 2.5670,-36.7530,    690,    286
 2.5680,-31.7271,    690,    283
 2.5690,-44.7910,    690,    283
 2.5700,-34.4859,    685,    286
 2.5710,-33.6192,    685,    286
 2.5720,-36.1132,    685,    283
 2.5730,-37.1593,    685,    283
 2.5740,-29.1885,    685,    283
 2.5750,-26.8381,    685,    289
 2.5760,-30.9640,    705,    277
 2.5770,-31.8841,    705,    277
 2.5780,-34.9769,    705,    280
 2.5790,-34.2222,    705,    280
 2.5800,-28.4855,    705,    280
 2.5810,-31.2072,    690,    277
 2.5820,-33.3676,    690,    277
 2.5830,-34.7662,    690,    280
 2.5840,-38.3018,    690,    280
 2.5850,-34.5442,    685,    277
 2.5860,-32.4531,    685,    277
 2.5870,-40.0583,    685,    280
 2.5880,-33.7744,    685,    280
 2.5890,-29.5948,    675,    283
 2.5900,-32.0796,    675,    283
 2.5910,-28.9677,    675,    283
 2.5920,-27.3644,    690,    274
 2.5930,-25.1929,    670,    286
 2.5940,-27.7108,    670,    286
 2.5950,-29.4943,    685,    274
 2.5960,-29.0140,    670,    283
 2.5970,-30.0855,    670,    283
 2.5980,-27.1282,    670,    283
 2.5990,-29.5797,    680,    277
 2.6000,-41.5862,    680,    277
 2.6010,-36.6112,    680,    277
 2.6020,-42.5160,    680,    280
 2.6030,-47.0521,    675,    277
 2.6040,-33.3117,    675,    277
 2.6050,-47.9152,    675,    280
 2.6060,-32.4782,    675,    280
 2.6070,-27.2940,    680,    271
 2.6080,-27.5695,    670,    277
 2.6090,-34.5785,    670,    277
 2.6100,-51.3881,    670,    277
 2.6110,-32.3887,    670,    280
 2.6120,-38.4077,    670,    280
 2.6130,-32.9748,    675,    274
 2.6140,-30.0885,    675,    274
 2.6150,-25.9040,    675,    274
 2.6160,-28.9309,    665,    277
 2.6170,-36.1922,    665,    277
 2.6180,-38.2838,    665,    277
 2.6190,-39.2102,    665,    280
 2.6200,-37.4892,    670,    274
 2.6210,-30.7957,    670,    274
 2.6220,-26.2677,    670,    274
 2.6230,-26.6895,    665,    271
 2.6240,-30.1104,    665,    271
 2.6250,-29.8302,    665,    271
 2.6260,-28.5623,    665,    274
 2.6270,-31.2507,    665,    274
 2.6280,-41.0940,    665,    274
 2.6290,-30.3756,    665,    274
 2.6300,-29.7367,    655,    277
 2.6310,-31.2550,    655,    277
 2.6320,-32.1629,    655,    277
 2.6330,-28.8179,    655,    280
 2.6340,-29.6822,    655,    280
 2.6350,-29.6257,    660,    277
 2.6360,-29.3786,    660,    277
 2.6370,-28.2375,    655,    271
 2.6380,-39.0211,    655,    271
 2.6390,-33.6388,    655,    271
 2.6400,-32.6573,    655,    271
 2.6410,-28.1289,    655,    271
 2.6420,-32.9091,    660,    271
 2.6430,-32.9721,    655,    274
 2.6440,-32.9857,    660,    274
 2.6450,-37.2202,    660,    274
 2.6460,-35.2011,    635,    271
 2.6470,-29.3525,    635,    271
 2.6480,-31.7790,    635,    274
 2.6490,-36.7465,    635,    274
 2.6500,-31.9958,    635,    274
 2.6510,-27.5669,    635,    274
 2.6520,-25.3895,    650,    280
 2.6530,-28.3382,    650,    271
 2.6540,-30.8458,    650,    271
 2.6550,-40.9111,    650,    271
 2.6560,-32.1488,    650,    271
 2.6570,-28.8935,    660,    268
 2.6580,-32.3831,    650,    274
 2.6590,-31.8275,    650,    274
 2.6600,-29.8704,    650,    274
 2.6610,-28.8450,    660,    265
 2.6620,-31.4400,    635,    268
 2.6630,-35.5552,    630,    271
 2.6640,-44.0219,    630,    271
 2.6650,-41.5129,    645,    271
 2.6660,-31.9259,    645,    271
 2.6670,-30.6186,    630,    274
 2.6680,-30.6549,    645,    274
 2.6690,-29.4250,    645,    274
 2.6700,-28.8051,    650,    268
 2.6710,-32.7290,    650,    268
 2.6720,-37.4945,    625,    271
 2.6730,-31.5297,    625,    271
 2.6740,-30.4114,    650,    265
 2.6750,-29.3883,    625,    274
 2.6760,-28.4567,    625,    274
 2.6770,-26.5254,    625,    274
 2.6780,-26.9033,    630,    268
 2.6790,-32.7375,    630,    268
 2.6800,-37.0526,    630,    268
 2.6810,-36.6991,    645,    268
 2.6820,-33.9955,    640,    271
 2.6830,-32.5722,    630,    265
 2.6840,-33.7069,    645,    265
 2.6850,-30.1687,    645,    265
 2.6860,-31.3925,    620,    271
 2.6870,-32.1213,    620,    271
 2.6880,-45.3281,    625,    268
 2.6890,-38.8501,    625,    268
 2.6900,-30.5735,    625,    268
 2.6910,-36.0103,    625,    265
 2.6920,-33.9203,    625,    265
 2.6930,-27.6380,    625,    265
 2.6940,-26.2901,    615,    274
 2.6950,-26.3843,    615,    274
 2.6960,-26.9166,    625,    262
 2.6970,-30.3689,    640,    268
 2.6980,-41.2617,    640,    268
 2.6990,-40.3339,    640,    268
 2.7000,-33.5666,    640,    265
 2.7010,-47.5938,    640,    265
 2.7020,-33.1913,    640,    265
 2.7030,-37.2133,    620,    268
 2.7040,-35.0426,    620,    268
 2.7050,-36.7457,    620,    265
 2.7060,-44.5380,    620,    265
 2.7070,-33.4792,    615,    268
 2.7080,-38.9828,    615,    265
 2.7090,-43.5502,    615,    265
 2.7100,-31.0937,    615,    265
 2.7110,-29.6960,    620,    262
 2.7120,-32.4786,    620,    262
 2.7130,-30.4600,    620,    262
 2.7140,-30.4130,    615,    262
 2.7150,-32.8235,    615,    262
 2.7160,-30.8486,    615,    262
 2.7170,-32.3279,    605,    268
 2.7180,-43.9460,    605,    268
 2.7190,-33.8465,    605,    268
 2.7200,-36.6485,    605,    265
 2.7210,-42.4518,    605,    265
 2.7220,-31.2705,    605,    265
 2.7230,-31.4018,    610,    268
 2.7240,-31.9581,    610,    268
 2.7250,-28.4976,    610,    265
 2.7260,-36.7222,    610,    265
 2.7270,-41.5438,    610,    265
 2.7280,-31.5818,    605,    262
 2.7290,-29.1990,    605,    259
 2.7300,-30.6467,    605,    259
 2.7310,-28.8757,    605,    259
 2.7320,-30.3275,    610,    262
 2.7330,-39.0304,    610,    262
 2.7340,-31.5883,    610,    262
 2.7350,-31.7301,    610,    259
 2.7360,-30.6504,    600,    268
 2.7370,-31.0341,    600,    265
 2.7380,-33.7545,    600,    265
 2.7390,-35.4523,    600,    265
 2.7400,-34.6815,    595,    265
 2.7410,-30.6668,    595,    265
 2.7420,-35.1151,    595,    265
 2.7430,-28.4442,    595,    265
 2.7440,-32.4733,    600,    262
 2.7450,-48.4387,    600,    262
 2.7460,-32.8784,    600,    262
 2.7470,-37.2317,    595,    262
 2.7480,-35.6589,    600,    259
 2.7490,-34.2747,    595,    262
 2.7500,-33.4003,    595,    259
 2.7510,-36.8974,    595,    259
 2.7520,-31.1594,    595,    259
 2.7530,-28.0754,    590,    268
 2.7540,-29.4475,    590,    268
 2.7550,-27.7138,    590,    265
 2.7560,-38.1531,    590,    265
 2.7570,-30.0360,    590,    265
 2.7580,-28.6449,    590,    265
 2.7590,-25.0863,    590,    265
 2.7600,-24.1172,    590,    262
 2.7610,-25.7916,    590,    262
 2.7620,-33.0631,    590,    262
 2.7630,-39.2805,    590,    262
 2.7640,-39.7153,    590,    262
 2.7650,-33.5243,    590,    259
 2.7660,-51.1994,    590,    259
 2.7670,-37.6139,    590,    259
 2.7680,-28.9534,    590,    259
 2.7690,-28.5768,    595,    256
 2.7700,-26.9902,    595,    256
 2.7710,-27.3500,    585,    262
 2.7720,-31.5667,    585,    262
 2.7730,-38.2699,    585,    262
 2.7740,-35.5871,    585,    262
 2.7750,-32.3334,    585,    259
 2.7760,-51.8884,    585,    259
 2.7770,-33.2690,    585,    259
 2.7780,-29.1271,    585,    259
 2.7790,-25.1011,    585,    259
 2.7800,-21.8500,    585,    259
 2.7810,-21.6691,    580,    268
 2.7820,-24.0349,    590,    256
 2.7830,-26.0124,    590,    256
 2.7840,-28.7012,    590,    256
 2.7850,-31.0492,    590,    256
 2.7860,-28.1707,    590,    256
 2.7870,-27.2599,    580,    265
 2.7880,-26.8524,    580,    265
 2.7890,-24.6495,    580,    265
 2.7900,-22.6177,    580,    265
 2.7910,-24.5568,    580,    262
 2.7920,-27.5342,    580,    262
 2.7930,-31.0477,    580,    262
 2.7940,-31.8109,    580,    262
 2.7950,-32.3483,    585,    256
 2.7960,-34.3891,    580,    259
 2.7970,-36.2633,    580,    259
 2.7980,-29.3421,    580,    259
 2.7990,-26.1587,    580,    259
 2.8000,-22.9469,    580,    259
 2.8010,-21.1931,    580,    259
 2.8020,-19.4972,    580,    259
 2.8030,-18.0712,    580,    259
 2.8040,-16.7923,    580,    259
 2.8050,-15.6621,    580,    259
 2.8060,-14.4798,    580,    259
 2.8070,-15.3214,    580,    256
 2.8080,-16.3309,    580,    256
 2.8090,-17.6206,    580,    256
 2.8100,-19.0467,    580,    256
 2.8110,-20.5222,    580,    256
 2.8120,-22.6386,    580,    256
 2.8130,-25.1678,    580,    256
 2.8140,-28.2935,    580,    256
 2.8150,-35.3391,    580,    256
 2.8160,-36.7692,    580,    256
 2.8170,-30.2308,    580,    256
 2.8180,-25.6689,    580,    256
 2.8190,-22.7019,    580,    256
 2.8200,-20.8089,    580,    256
 2.8210,-18.7511,    580,    256
 2.8220,-17.4695,    580,    256
 2.8230,-16.1924,    580,    256
 2.8240,-15.1021,    580,    256
 2.8250,-14.4536,    580,    256
 2.8260,-13.6187,    580,    256
 2.8270,-12.6605,    580,    256
 2.8280,-12.2236,    580,    256
 2.8290,-11.2136,    580,    256
 2.8300,-11.1082,    580,    256
 2.8310,-10.4213,    580,    256
 2.8320,-10.0914,    580,    256
 2.8330,-9.7118,    580,    256
 2.8340,-9.2720,    580,    256
 2.8350,-8.8773,    580,    256
 2.8360,-8.5407,    580,    256
 2.8370,-8.0867,    580,    256
 2.8380,-7.7370,    580,    256
 2.8390,-7.5248,    580,    256
 2.8400,-7.2634,    580,    256
 2.8410,-6.9931,    580,    256
 2.8420,-6.7639,    580,    256
 2.8430,-6.5601,    580,    256
 2.8440,-6.3693,    580,    256
 2.8450,-6.1443,    580,    256
 2.8460,-5.9685,    580,    256
 2.8470,-5.7777,    580,    256
 2.8480,-5.6818,    580,    256
 2.8490,-5.5667,    580,    256
 2.8500,-4.9288,    580,    256
 2.8510,-4.8425,    580,    256
 2.8520,-4.7009,    580,    256
 2.8530,-4.6595,    580,    256
 2.8540,-4.3879,    580,    256
 2.8550,-4.3635,    580,    256
 2.8560,-4.3171,    580,    256
 2.8570,-4.1794,    580,    256
 2.8580,-4.2135,    580,    256
 2.8590,-3.8594,    580,    256
 2.8600,-3.8070,    580,    256
 2.8610,-3.7311,    580,    256
 2.8620,-3.5648,    580,    256
 2.8630,-3.4991,    580,    256
 2.8640,-3.3047,    580,    256
 2.8650,-3.3539,    580,    256
 2.8660,-3.3782,    580,    256
 2.8670,-3.2002,    580,    256
 2.8680,-3.2382,    580,    256
 2.8690,-3.0630,    580,    256
 2.8700,-3.0022,    580,    256
 2.8710,-3.1156,    580,    256
 2.8720,-2.7777,    580,    256
 2.8730,-2.6469,    580,    256
 2.8740,-2.7139,    580,    256
 2.8750,-2.5530,    580,    256
 2.8760,-2.5013,    580,    256
 2.8770,-2.4065,    580,    256
 2.8780,-2.4669,    580,    256
 2.8790,-2.4139,    580,    256
 2.8800,-2.2728,    580,    256
 2.8810,-2.2520,    580,    256
 2.8820,-2.1860,    580,    256
 2.8830,-2.1172,    580,    256
 2.8840,-2.1097,    580,    256
 2.8850,-2.0730,    580,    256
 2.8860,-2.1333,    580,    259
 2.8870,-1.9706,    580,    256
 2.8880,-2.1464,    580,    256
 2.8890,-1.8386,    580,    256
 2.8900,-2.0753,    580,    265
 2.8910,-1.5077,    580,    256
 2.8920,-1.8149,    580,    256
 2.8930,-2.4519,    580,    256
 2.8940,-2.4566,    580,    256
 2.8950,-1.7737,    585,    256
 2.8960,-2.3288,    580,    256
 2.8970,-1.6135,    580,    256
 2.8980,-2.2788,    580,    256
 2.8990,-1.5298,    580,    256
 2.9000,-1.7066,    585,    256
 2.9010,-1.7479,    580,    262
 2.9020,-1.4055,    580,    256
 2.9030,-1.4931,    580,    256
 2.9040,-1.6601,    580,    256
 2.9050,-1.4631,    580,    262
 2.9060,-1.2903,    580,    256
 2.9070,-1.4694,    580,    262
 2.9080,-1.4944,    580,    265
 2.9090,-1.7094,    580,    259
 2.9100,-1.5697,    585,    256
 2.9110,-1.6467,    580,    262
 2.9120,-1.7034,    580,    259
 2.9130,-1.8754,    580,    256
 2.9140,-1.1015,    580,    262
 2.9150,-1.8226,    580,    256
 2.9160,-1.8133,    580,    256
 2.9170,-1.8900,    580,    256
 2.9180,-1.8640,    580,    256
 2.9190,-1.7316,    580,    256
 2.9200,-1.6755,    580,    256
 2.9210,-1.7521,    580,    256
 2.9220,-1.3206,    580,    256
 2.9230,-1.1355,    580,    256
 2.9240,-1.2325,    580,    256
 2.9250,-1.1149,    580,    256
 2.9260,-1.1103,    580,    256
 2.9270,-1.1073,    580,    256
 2.9280,-1.1131,    580,    256
 2.9290,-1.1477,    580,    256
 2.9300,-1.1579,    580,    256
 2.9310,-1.0295,    580,    256
 2.9320,-1.1088,    580,    256
 2.9330,-1.0052,    580,    256
 2.9340,-1.0318,    580,    256
 2.9350,-0.9813,    580,    256
 2.9360,-0.8303,    585,    262
 2.9370,-0.9668,    580,    256
 2.9380,-0.8868,    580,    256
 2.9390,-0.9078,    580,    256
 2.9400,-1.0009,    580,    256
 2.9410,-1.3186,    580,    268
 2.9420,-0.7485,    585,    262
 2.9430,-0.9693,    580,    256
 2.9440,-0.6320,    595,    256
 2.9450,-0.9834,   1010,    310
 2.9460,-0.6425,    585,    259
 2.9470,-1.2174,    580,    256
 2.9480,-1.2241,    580,    256
 2.9490,-1.1368,    585,    265
 2.9500,-0.1796,    625,    262
 2.9510,-0.8817,    580,    256
 2.9520,-0.7428,    580,    256
 2.9530,-0.6507,    580,    256
 2.9540,-0.3096,    580,    262
 2.9550,-0.6853,    580,    256
 2.9560,-0.6295,    580,    256
 2.9570,-0.6513,    580,    268
 2.9580,-0.6332,    580,    256
 2.9590,-0.6256,    580,    256
 2.9600,-0.6561,    580,    259
 2.9610,-0.5679,    580,    256
 2.9620,-0.6896,    580,    256
 2.9630,-0.5501,    580,    256
 2.9640,-0.3895,    580,    268
 2.9650,-0.4754,    580,    256
 2.9660,-0.5711,    580,    256
 2.9670,-0.6266,    580,    256
 2.9680,-0.6289,    580,    256
 2.9690,-0.6421,    580,    256
 2.9700,-0.5210,    580,    256
 2.9710,-0.4468,    580,    256
 2.9720,-0.5493,    580,    268
 2.9730,-0.5319,    580,    256
 2.9740,-0.5276,    580,    256
 2.9750,-0.5282,    580,    256
 2.9760,-0.5277,    580,    256
 2.9770,-0.4996,    580,    259
 2.9780,-0.5400,    580,    256
 2.9790,-0.4825,    580,    256
 2.9800,-0.5722,    580,    256
 2.9810,-0.5088,    595,    259
 2.9820,-0.5853,    580,    256
 2.9830,-0.5105,    580,    256
 2.9840,-0.5569,    585,    250
 2.9850,-0.8046,    580,    256
 2.9860,-0.5048,    585,    256
 2.9870,-0.6366,    580,    256
 2.9880,-0.6485,    580,    259
 2.9890,-0.3591,    585,    259
 2.9900,-0.5598,    580,    259
 2.9910,-0.6080,    605,    268
 2.9920,-0.5109,    585,    262
 2.9930,-0.9400,    590,    253
 2.9940,-0.5694,    580,    256
 2.9950,-0.9429,    650,    262
 2.9960,-1.2119,    580,    268
 2.9970,-0.9184,    580,    259
 2.9980,-0.9326,    635,    280
 2.9990,-1.2164,    600,    259
 3.0000,-1.0573,    600,    259
