search settings:
	Cpar Precision = 2
	Cser Precision = 1
	Acq. Frequency Start = 1.200 MHz
	Acq. Frequency Stop = 3.000 MHz
	Acq. Frequency Spacing = 0.001 MHz
	S11 Optimization Frequency Start = 1.30 MHz
	S11 Optimization Frequency Stop = 2.90 MHz
	Cpar seed = 272 (110.0 pF)
	Cser seed = 171 (87.0 pF)

freq(MHz)	 S11(dB)	 Cpar(digit)	 Cser(digit)
 1.2000,-0.2351,    250,    188
 1.2010,-0.2351,    250,    188
 1.2020,-0.2349,    250,    187
 1.2030,-0.2339,    250,    188
 1.2040,-0.2351,    250,    188
 1.2050,-0.2338,    250,    188
 1.2060,-0.2345,    250,    188
 1.2070,-0.2360,    250,    188
 1.2080,-0.2409,    250,    188
 1.2090,-0.2412,    250,    189
 1.2100,-0.2175,    294,    168
 1.2110,-0.2248,    146,    154
 1.2120,-0.2255,    250,    188
 1.2130,-0.2255,    250,    189
 1.2140,-0.2276,    250,    188
 1.2150,-0.2263,    250,    188
 1.2160,-0.2238,    146,    154
 1.2170,-0.2244,    250,    187
 1.2180,-0.2245,    250,    187
 1.2190,-0.2250,    250,    188
 1.2200,-0.2250,    146,    154
 1.2210,-0.2246,    250,    188
 1.2220,-0.2249,    250,    186
 1.2230,-0.2245,    206,    188
 1.2240,-0.2299,    250,    188
 1.2250,-0.2233,    146,    154
 1.2260,-0.2230,    250,    188
 1.2270,-0.2221,    146,    152
 1.2280,-0.2246,    250,    188
 1.2290,-0.2223,    250,    188
 1.2300,-0.2238,    250,    188
 1.2310,-0.2237,    146,    155
 1.2320,-0.2227,    250,    188
 1.2330,-0.2220,    146,    154
 1.2340,-0.2230,    250,    189
 1.2350,-0.2224,    146,    155
 1.2360,-0.2209,    146,    154
 1.2370,-0.2227,    146,    154
 1.2380,-0.2226,    144,    152
 1.2390,-0.2236,    250,    186
 1.2400,-0.2211,    250,    188
 1.2410,-0.2181,    146,    154
 1.2420,-0.2195,    146,    160
 1.2430,-0.2177,    146,    155
 1.2440,-0.2178,    146,    154
 1.2450,-0.2176,    146,    154
 1.2460,-0.2176,    250,    188
 1.2470,-0.2176,    144,    152
 1.2480,-0.2170,    144,    152
 1.2490,-0.2155,    250,    188
 1.2500,-0.2152,    146,    154
 1.2510,-0.2157,    146,    154
 1.2520,-0.2154,    144,    154
 1.2530,-0.2152,    144,    152
 1.2540,-0.2161,    144,    151
 1.2550,-0.2174,    146,    154
 1.2560,-0.2117,    144,    152
 1.2570,-0.2121,    146,    154
 1.2580,-0.2196,    250,    187
 1.2590,-0.2101,    146,    154
 1.2600,-0.2096,    146,    152
 1.2610,-0.2100,    146,    152
 1.2620,-0.2093,    144,    152
 1.2630,-0.2073,    146,    152
 1.2640,-0.2094,    146,    154
 1.2650,-0.2104,    146,    154
 1.2660,-0.2086,    146,    155
 1.2670,-0.2085,    146,    154
 1.2680,-0.2096,    726,    311
 1.2690,-0.2385,    726,    311
 1.2700,-0.2629,    726,    311
 1.2710,-0.3057,    726,    311
 1.2720,-0.3606,    726,    311
 1.2730,-0.4185,    726,    311
 1.2740,-0.5067,    726,    311
 1.2750,-0.5846,    726,    311
 1.2760,-0.7034,    726,    311
 1.2770,-0.8279,    726,    311
 1.2780,-0.9881,    726,    311
 1.2790,-1.1781,    726,    311
 1.2800,-1.4137,    726,    311
 1.2810,-1.7111,    726,    311
 1.2820,-2.0865,    726,    311
 1.2830,-2.5539,    726,    311
 1.2840,-3.1210,    726,    311
 1.2850,-3.8376,    726,    311
 1.2860,-4.8314,    726,    311
 1.2870,-6.0668,    726,    311
 1.2880,-7.6456,    726,    311
 1.2890,-9.6799,    726,    311
 1.2900,-12.3629,    726,    311
 1.2910,-16.3222,    726,    311
 1.2920,-23.2327,    726,    311
 1.2930,-26.3105,    726,    311
 1.2940,-21.7586,    726,    313
 1.2950,-27.8384,    726,    314
 1.2960,-31.0852,    726,    309
 1.2970,-32.4007,    726,    307
 1.2980,-36.3118,    726,    303
 1.2990,-28.2808,    724,    309
 1.3000,-31.4888,    726,    305
 1.3010,-31.0572,    724,    303
 1.3020,-29.7249,    726,    302
 1.3030,-29.6604,    718,    307
 1.3040,-40.9705,    718,    303
 1.3050,-49.1163,    722,    302
 1.3060,-34.0610,    722,    299
 1.3070,-38.1225,    724,    304
 1.3080,-41.1897,    720,    301
 1.3090,-47.8469,    720,    299
 1.3100,-34.6387,    720,    295
 1.3110,-44.9051,    714,    302
 1.3120,-39.8007,    714,    299
 1.3130,-35.4845,    716,    304
 1.3140,-34.1302,    712,    301
 1.3150,-46.6409,    700,    300
 1.3160,-45.6849,    700,    298
 1.3170,-40.8487,    696,    295
 1.3180,-34.0859,    712,    300
 1.3190,-32.8502,    714,    296
 1.3200,-39.0037,    710,    294
 1.3210,-34.2744,    708,    300
 1.3220,-39.3028,    708,    298
 1.3230,-38.6712,    694,    296
 1.3240,-38.8589,    690,    294
 1.3250,-39.6557,    690,    291
 1.3260,-33.4388,    692,    296
 1.3270,-37.0167,    706,    292
 1.3280,-34.6680,    688,    291
 1.3290,-44.3859,    704,    296
 1.3300,-36.0246,    684,    293
 1.3310,-44.1045,    684,    291
 1.3320,-39.7849,    688,    290
 1.3330,-30.2108,    682,    296
 1.3340,-45.9134,    682,    292
 1.3350,-44.8758,    682,    290
 1.3360,-36.5849,    670,    291
 1.3370,-49.7514,    674,    287
 1.3380,-32.0838,    680,    289
 1.3390,-33.1129,    670,    292
 1.3400,-34.3975,    670,    290
 1.3410,-34.0975,    674,    286
 1.3420,-44.2361,    678,    288
 1.3430,-33.2451,    668,    289
 1.3440,-35.3295,    672,    285
 1.3450,-35.6772,    672,    283
 1.3460,-32.2348,    674,    288
 1.3470,-45.2039,    668,    288
 1.3480,-34.7442,    672,    284
 1.3490,-36.2716,    658,    285
 1.3500,-45.5407,    658,    283
 1.3510,-30.0363,    660,    279
 1.3520,-46.9494,    654,    285
 1.3530,-41.4647,    658,    284
 1.3540,-37.2421,    658,    282
 1.3550,-42.3073,    656,    279
 1.3560,-40.2282,    654,    284
 1.3570,-35.0347,    638,    291
 1.3580,-38.0358,    652,    279
 1.3590,-36.8745,    648,    285
 1.3600,-38.7100,    638,    292
 1.3610,-39.7680,    634,    291
 1.3620,-32.8894,    648,    279
 1.3630,-34.2229,    648,    284
 1.3640,-41.2731,    634,    292
 1.3650,-40.8305,    634,    289
 1.3660,-31.7677,    648,    278
 1.3670,-37.5626,    628,    287
 1.3680,-39.3596,    634,    284
 1.3690,-37.3492,    634,    288
 1.3700,-36.2606,    632,    279
 1.3710,-45.2431,    622,    287
 1.3720,-55.4367,    644,    280
 1.3730,-36.7968,    640,    277
 1.3740,-40.3060,    640,    275
 1.3750,-36.7985,    624,    286
 1.3760,-36.0337,    628,    282
 1.3770,-31.5363,    640,    276
 1.3780,-36.4604,    626,    278
 1.3790,-38.1091,    618,    286
 1.3800,-36.7678,    624,    282
 1.3810,-28.8367,    620,    279
 1.3820,-34.3087,    622,    278
 1.3830,-43.4735,    620,    284
 1.3840,-37.0719,    620,    282
 1.3850,-30.2339,    616,    279
 1.3860,-42.3525,    618,    278
 1.3870,-38.7912,    616,    284
 1.3880,-35.9489,    614,    282
 1.3890,-35.0320,    606,    278
 1.3900,-34.0768,    600,    286
 1.3910,-34.9224,    604,    281
 1.3920,-41.2840,    610,    282
 1.3930,-38.1884,    602,    278
 1.3940,-39.0406,    614,    276
 1.3950,-34.9030,    614,    274
 1.3960,-35.4265,    608,    282
 1.3970,-37.8607,    604,    276
 1.3980,-51.3687,    510,    284
 1.3990,-39.4901,    510,    282
 1.4000,-44.1089,    508,    279
 1.4010,-45.9621,    506,    279
 1.4020,-37.3170,    598,    274
 1.4030,-38.7615,    506,    284
 1.4040,-39.1046,    506,    282
 1.4050,-38.1559,    594,    276
 1.4060,-48.7662,    594,    273
 1.4070,-37.3511,    500,    279
 1.4080,-34.9242,    498,    279
 1.4090,-35.4089,    592,    276
 1.4100,-40.5605,    592,    273
 1.4110,-37.1800,    498,    281
 1.4120,-41.7249,    574,    270
 1.4130,-44.9505,    584,    277
 1.4140,-37.6747,    584,    275
 1.4150,-33.3333,    496,    282
 1.4160,-62.0299,    572,    269
 1.4170,-38.7092,    498,    276
 1.4180,-40.1907,    580,    275
 1.4190,-47.9547,    570,    272
 1.4200,-54.6250,    492,    277
 1.4210,-44.8625,    496,    276
 1.4220,-38.6286,    576,    275
 1.4230,-46.9034,    492,    280
 1.4240,-40.9407,    490,    280
 1.4250,-36.6395,    488,    277
 1.4260,-35.5593,    568,    266
 1.4270,-45.0943,    564,    263
 1.4280,-38.5848,    486,    276
 1.4290,-39.4275,    478,    276
 1.4300,-47.1738,    564,    265
 1.4310,-35.3252,    488,    274
 1.4320,-34.9556,    484,    276
 1.4330,-34.4004,    470,    275
 1.4340,-35.4674,    472,    278
 1.4350,-41.0040,    470,    271
 1.4360,-45.2250,    560,    261
 1.4370,-35.9815,    470,    276
 1.4380,-42.5760,    470,    274
 1.4390,-45.6575,    556,    266
 1.4400,-38.0189,    466,    271
 1.4410,-37.6007,    468,    276
 1.4420,-45.3052,    468,    273
 1.4430,-39.3207,    466,    273
 1.4440,-39.3547,    554,    264
 1.4450,-41.1101,    550,    261
 1.4460,-35.4029,    550,    259
 1.4470,-48.2190,    464,    273
 1.4480,-46.2708,    460,    271
 1.4490,-41.6231,    542,    264
 1.4500,-37.7741,    550,    260
 1.4510,-41.9002,    546,    259
 1.4520,-34.7369,    464,    272
 1.4530,-38.5467,    460,    270
 1.4540,-39.4355,    458,    269
 1.4550,-37.1000,    536,    261
 1.4560,-49.9239,    536,    259
 1.4570,-36.9866,    458,    272
 1.4580,-36.1185,    454,    267
 1.4590,-41.9569,    446,    259
 1.4600,-36.1769,    536,    260
 1.4610,-39.4309,    452,    269
 1.4620,-34.0639,    452,    267
 1.4630,-32.8282,    446,    260
 1.4640,-39.1011,    446,    258
 1.4650,-37.4931,    450,    263
 1.4660,-45.7320,    452,    268
 1.4670,-34.9191,    450,    268
 1.4680,-37.1539,    448,    267
 1.4690,-40.8565,    526,    260
 1.4700,-39.1993,    526,    257
 1.4710,-32.4895,    512,    274
 1.4720,-32.9579,    448,    268
 1.4730,-41.6804,    448,    266
 1.4740,-52.0110,    440,    257
 1.4750,-39.8171,    522,    257
 1.4760,-26.2665,    436,    260
 1.4770,-29.9613,    436,    257
 1.4780,-34.3925,    448,    264
 1.4790,-36.9458,    440,    256
 1.4800,-47.0079,    524,    256
 1.4810,-27.9130,    428,    259
 1.4820,-35.7633,    436,    256
 1.4830,-32.7994,    434,    256
 1.4840,-25.0471,    516,    257
 1.4850,-44.2735,    520,    256
 1.4860,-29.0923,    428,    258
 1.4870,-43.8295,    430,    256
 1.4880,-29.2784,    432,    256
 1.4890,-24.1835,    516,    256
 1.4900,-30.0577,    514,    256
 1.4910,-26.3715,    424,    260
 1.4920,-29.8437,    428,    256
 1.4930,-35.3220,    426,    256
 1.4940,-24.5935,    410,    259
 1.4950,-24.7175,    420,    257
 1.4960,-28.1546,    422,    256
 1.4970,-25.6888,    424,    256
 1.4980,-29.0602,    424,    256
 1.4990,-27.4110,    414,    256
 1.5000,-27.0544,    388,    277
 1.5010,-26.9038,    388,    275
 1.5020,-26.9806,    418,    256
 1.5030,-34.1209,    388,    271
 1.5040,-27.2723,    388,    271
 1.5050,-30.2589,    388,    276
 1.5060,-28.4409,    388,    273
 1.5070,-29.5923,    388,    274
 1.5080,-27.6138,    388,    270
 1.5090,-30.9323,    388,    269
 1.5100,-29.0544,    388,    267
 1.5110,-29.0718,    382,    263
 1.5120,-43.0861,    388,    272
 1.5130,-36.0511,    392,    265
 1.5140,-37.9146,    388,    268
 1.5150,-30.7918,    388,    265
 1.5160,-45.2852,    382,    261
 1.5170,-32.1094,    378,    263
 1.5180,-27.9588,    382,    259
 1.5190,-31.7259,    380,    265
 1.5200,-33.9890,    382,    264
 1.5210,-39.0307,    380,    261
 1.5220,-31.6526,    382,    260
 1.5230,-34.5603,    382,    258
 1.5240,-40.2211,    378,    259
 1.5250,-35.1626,    380,    264
 1.5260,-35.4881,    378,    264
 1.5270,-35.4471,    380,    260
 1.5280,-41.3242,    378,    260
 1.5290,-41.2292,    376,    259
 1.5300,-40.1046,    384,    260
 1.5310,-39.9659,    374,    260
 1.5320,-33.2320,    372,    259
 1.5330,-36.4511,    376,    260
 1.5340,-30.1307,    380,    256
 1.5350,-35.2251,    348,    271
 1.5360,-33.5676,    372,    260
 1.5370,-31.6234,    366,    262
 1.5380,-35.3625,    374,    256
 1.5390,-41.6532,    370,    258
 1.5400,-29.5717,    376,    256
 1.5410,-35.4332,    348,    270
 1.5420,-29.5529,    348,    267
 1.5430,-39.1255,    366,    260
 1.5440,-37.5220,    368,    257
 1.5450,-34.7862,    370,    256
 1.5460,-27.8548,    364,    264
 1.5470,-28.2602,    350,    261
 1.5480,-30.3199,    364,    260
 1.5490,-27.6237,    364,    260
 1.5500,-66.2871,    368,    256
 1.5510,-33.6815,    362,    257
 1.5520,-27.2104,    362,    258
 1.5530,-30.0005,    350,    260
 1.5540,-37.0209,    350,    257
 1.5550,-29.5959,    360,    260
 1.5560,-35.4383,    364,    256
 1.5570,-36.6950,    362,    256
 1.5580,-26.9340,    362,    256
 1.5590,-25.5454,    356,    257
 1.5600,-45.4738,    350,    256
 1.5610,-34.9087,    346,    257
 1.5620,-27.4906,    360,    256
 1.5630,-33.9544,    360,    256
 1.5640,-28.7755,    342,    257
 1.5650,-27.7905,    344,    260
 1.5660,-32.3440,    356,    256
 1.5670,-35.9973,    346,    256
 1.5680,-26.3807,    354,    256
 1.5690,-24.1669,    340,    260
 1.5700,-30.2142,    342,    256
 1.5710,-26.7870,    342,    256
 1.5720,-29.2351,    316,    262
 1.5730,-38.0104,    316,    261
 1.5740,-25.7063,    316,    262
 1.5750,-25.2901,    336,    260
 1.5760,-30.1148,    340,    256
 1.5770,-33.4738,    318,    191
 1.5780,-26.5174,    318,    191
 1.5790,-35.2733,    316,    260
 1.5800,-28.0938,    304,    270
 1.5810,-27.1514,    304,    267
 1.5820,-26.9333,    304,    267
 1.5830,-49.3767,    316,    191
 1.5840,-29.2334,    314,    191
 1.5850,-30.7237,    314,    191
 1.5860,-24.3784,    310,    257
 1.5870,-28.7373,    304,    268
 1.5880,-33.8880,    310,    191
 1.5890,-30.0544,    332,    256
 1.5900,-47.4886,    304,    261
 1.5910,-33.8953,    314,    190
 1.5920,-28.2636,    314,    187
 1.5930,-34.4169,    310,    256
 1.5940,-43.7445,    310,    189
 1.5950,-28.5855,    306,    191
 1.5960,-37.1764,    310,    187
 1.5970,-36.5747,    312,    190
 1.5980,-30.5017,    312,    187
 1.5990,-27.6719,    314,    186
 1.6000,-30.3977,    310,    188
 1.6010,-42.3439,    302,    191
 1.6020,-35.9026,    308,    187
 1.6030,-30.7008,    312,    188
 1.6040,-37.3929,    296,    261
 1.6050,-30.7166,    296,    261
 1.6060,-31.6453,    308,    183
 1.6070,-33.8633,    306,    183
 1.6080,-39.7093,    306,    188
 1.6090,-33.6992,    304,    187
 1.6100,-42.4036,    306,    186
 1.6110,-29.8167,    294,    258
 1.6120,-31.0641,    294,    191
 1.6130,-36.5030,    304,    183
 1.6140,-36.3436,    300,    189
 1.6150,-32.4718,    300,    187
 1.6160,-31.8658,    298,    190
 1.6170,-30.7921,    298,    187
 1.6180,-37.1455,    294,    189
 1.6190,-28.6827,    294,    190
 1.6200,-31.7091,    284,    191
 1.6210,-44.7275,    296,    189
 1.6220,-50.6918,    298,    188
 1.6230,-35.5036,    296,    187
 1.6240,-35.0887,    294,    183
 1.6250,-44.1025,    294,    188
 1.6260,-40.3543,    280,    258
 1.6270,-41.7649,    286,    188
 1.6280,-40.0652,    296,    188
 1.6290,-38.0245,    286,    185
 1.6300,-41.5835,    282,    187
 1.6310,-33.1314,    292,    183
 1.6320,-29.0299,    278,    189
 1.6330,-37.0260,    284,    183
 1.6340,-31.1024,    292,    186
 1.6350,-45.5530,    282,    188
 1.6360,-34.5347,    286,    184
 1.6370,-31.7656,    282,    185
 1.6380,-38.6540,    292,    182
 1.6390,-46.7614,    292,    175
 1.6400,-34.5763,    284,    182
 1.6410,-36.4433,    290,    179
 1.6420,-31.3132,    290,    184
 1.6430,-36.4385,    282,    175
 1.6440,-35.0982,    280,    185
 1.6450,-38.1856,    288,    181
 1.6460,-38.3567,    288,    182
 1.6470,-35.6622,    288,    175
 1.6480,-36.0001,    280,    181
 1.6490,-34.9544,    270,    187
 1.6500,-30.9430,    224,    191
 1.6510,-48.5972,    280,    184
 1.6520,-31.0464,    288,    180
 1.6530,-47.8794,    274,    182
 1.6540,-46.8070,    288,    173
 1.6550,-37.1736,    268,    187
 1.6560,-44.7567,    270,    186
 1.6570,-37.0859,    266,    187
 1.6580,-30.2903,    276,    180
 1.6590,-33.1572,    268,    183
 1.6600,-38.5708,    272,    182
 1.6610,-39.5502,    266,    183
 1.6620,-47.0622,    266,    188
 1.6630,-49.5345,    208,    191
 1.6640,-40.1993,    266,    186
 1.6650,-32.2458,    262,    183
 1.6660,-30.3086,    268,    181
 1.6670,-34.0951,    204,    191
 1.6680,-39.6280,    264,    183
 1.6690,-40.5129,    272,    174
 1.6700,-39.8012,    266,    175
 1.6710,-43.2319,    272,    171
 1.6720,-45.1702,    262,    182
 1.6730,-31.6888,    258,    183
 1.6740,-40.1916,    262,    179
 1.6750,-36.3727,    262,    184
 1.6760,-37.1522,    272,    172
 1.6770,-46.1183,    264,    175
 1.6780,-44.6967,    264,    184
 1.6790,-39.4035,    260,    182
 1.6800,-41.4133,    196,    191
 1.6810,-39.7288,    260,    179
 1.6820,-36.8909,    194,    191
 1.6830,-32.9902,    188,    188
 1.6840,-36.3217,    186,    183
 1.6850,-35.2006,    188,    186
 1.6860,-37.1457,    260,    180
 1.6870,-33.4917,    186,    186
 1.6880,-43.2085,    196,    190
 1.6890,-44.2928,    192,    191
 1.6900,-55.7182,    194,    189
 1.6910,-44.1421,    262,    170
 1.6920,-34.2742,    258,    171
 1.6930,-37.0731,    186,    175
 1.6940,-36.5400,    184,    186
 1.6950,-46.5770,    256,    180
 1.6960,-37.0021,    260,    172
 1.6970,-56.3541,    192,    189
 1.6980,-39.4956,    260,    170
 1.6990,-35.9739,    184,    182
 1.7000,-38.4774,    258,    170
 1.7010,-37.1560,    184,    184
 1.7020,-31.0333,    174,    183
 1.7030,-32.8147,    180,    181
 1.7040,-35.4273,    182,    180
 1.7050,-35.9676,    256,    172
 1.7060,-35.8005,    182,    173
 1.7070,-38.1918,    256,    170
 1.7080,-45.7977,    184,    174
 1.7090,-33.7294,    178,    184
 1.7100,-38.7135,    184,    171
 1.7110,-35.3025,    180,    180
 1.7120,-33.1380,    174,    175
 1.7130,-36.6084,    174,    184
 1.7140,-36.3573,    182,    172
 1.7150,-32.4318,    176,    179
 1.7160,-36.6100,    178,    177
 1.7170,-31.1840,    174,    180
 1.7180,-33.3096,    178,    171
 1.7190,-43.4755,    172,    179
 1.7200,-35.7366,    180,    167
 1.7210,-40.2929,    170,    179
 1.7220,-37.1907,    178,    167
 1.7230,-41.5337,    176,    177
 1.7240,-50.7982,    178,    176
 1.7250,-34.4494,    176,    171
 1.7260,-39.9421,    168,    181
 1.7270,-47.1689,    170,    180
 1.7280,-37.4636,    168,    179
 1.7290,-46.5987,    172,    171
 1.7300,-32.3547,    178,    165
 1.7310,-39.5531,    170,    171
 1.7320,-28.3801,    178,    163
 1.7330,-44.5805,    176,    170
 1.7340,-40.2282,    168,    180
 1.7350,-35.9967,    166,    178
 1.7360,-37.0539,    168,    177
 1.7370,-38.9367,    170,    172
 1.7380,-33.4921,    158,    174
 1.7390,-35.5558,    170,    169
 1.7400,-36.4502,    158,    171
 1.7410,-34.9592,    176,    168
 1.7420,-42.2133,    164,    177
 1.7430,-34.9314,    166,    176
 1.7440,-30.9122,    168,    172
 1.7450,-41.4947,    156,    177
 1.7460,-35.7735,    158,    172
 1.7470,-42.0405,    154,    177
 1.7480,-43.2319,    158,    169
 1.7490,-28.7125,    154,    171
 1.7500,-29.7461,    126,    191
 1.7510,-31.9555,    164,    176
 1.7520,-43.2450,    156,    167
 1.7530,-41.7167,    162,    176
 1.7540,-35.0652,    166,    168
 1.7550,-35.7273,    152,    178
 1.7560,-40.9567,    156,    170
 1.7570,-28.4625,    152,    171
 1.7580,-49.2712,    154,    170
 1.7590,-39.1895,    126,    190
 1.7600,-31.7735,    156,    165
 1.7610,-50.0131,    126,    187
 1.7620,-52.7709,    152,    167
 1.7630,-38.8854,    154,    166
 1.7640,-36.2819,    156,    168
 1.7650,-30.3714,    154,    163
 1.7660,-37.6168,    152,    170
 1.7670,-36.2220,    126,    188
 1.7680,-32.4221,    160,    166
 1.7690,-36.8385,    122,    190
 1.7700,-49.1068,    126,    185
 1.7710,-36.1886,    122,    187
 1.7720,-32.0663,    150,    163
 1.7730,-32.1423,    152,    163
 1.7740,-34.8309,    124,    183
 1.7750,-39.7456,    124,    188
 1.7760,-32.2236,    122,    183
 1.7770,-35.0384,    120,    189
 1.7780,-38.8242,    150,    164
 1.7790,-35.8387,    120,    187
 1.7800,-40.3646,    150,    161
 1.7810,-31.9321,    150,    162
 1.7820,-33.6013,    146,    163
 1.7830,-34.2979,    140,    167
 1.7840,-46.1824,    142,    166
 1.7850,-56.5353,    120,    183
 1.7860,-44.7790,    118,    185
 1.7870,-31.5029,    140,    170
 1.7880,-38.7700,    120,    185
 1.7890,-31.6221,    148,    162
 1.7900,-29.9349,    138,    170
 1.7910,-44.6542,    146,    162
 1.7920,-51.4438,    118,    182
 1.7930,-50.3704,    114,    183
 1.7940,-44.9469,    116,    185
 1.7950,-32.6163,    118,    184
 1.7960,-39.8079,    140,    168
 1.7970,-37.5984,    138,    163
 1.7980,-38.4691,    138,    168
 1.7990,-39.2061,    144,    161
 1.8000,-42.9723,    116,    182
 1.8010,-40.6942,    110,    188
 1.8020,-36.6193,    114,    182
 1.8030,-57.7458,    136,    166
 1.8040,-39.8397,    114,    175
 1.8050,-32.7707,    136,    163
 1.8060,-36.1303,    114,    184
 1.8070,-36.1423,    136,    168
 1.8080,-49.5139,    108,    183
 1.8090,-45.1027,    110,    181
 1.8100,-38.8022,    112,    181
 1.8110,-39.1312,    106,    183
 1.8120,-54.8637,    108,    186
 1.8130,-50.3986,    110,    184
 1.8140,-36.2732,    106,    185
 1.8150,-43.6516,     94,    183
 1.8160,-31.9977,     94,    188
 1.8170,-39.5665,    102,    183
 1.8180,-31.0489,     92,    187
 1.8190,-43.4556,     94,    186
 1.8200,-38.9358,    112,    180
 1.8210,-35.5582,    102,    185
 1.8220,-36.3037,    134,    160
 1.8230,-46.8208,    104,    185
 1.8240,-36.0311,    106,    184
 1.8250,-42.0333,     94,    182
 1.8260,-36.5370,     90,    183
 1.8270,-37.7013,    102,    181
 1.8280,-44.4163,     92,    186
 1.8290,-34.7582,    104,    182
 1.8300,-36.7616,    102,    184
 1.8310,-53.3389,    132,    160
 1.8320,-32.5197,     98,    185
 1.8330,-34.4722,     98,    186
 1.8340,-33.5096,    130,    160
 1.8350,-36.2472,    100,    182
 1.8360,-41.9618,     90,    181
 1.8370,-37.7480,     92,    184
 1.8380,-52.5928,     98,    181
 1.8390,-39.5945,     88,    185
 1.8400,-37.6596,     98,    175
 1.8410,-32.3212,     98,    179
 1.8420,-55.3942,     98,    184
 1.8430,-37.1379,     86,    181
 1.8440,-29.6415,     86,    175
 1.8450,-41.7700,     88,    181
 1.8460,-36.6249,     90,    180
 1.8470,-42.5548,     88,    175
 1.8480,-31.3121,     98,    180
 1.8490,-40.2678,     88,    184
 1.8500,-33.2978,     96,    179
 1.8510,-29.7280,     96,    184
 1.8520,-37.3558,     84,    181
 1.8530,-38.7632,     86,    180
 1.8540,-40.7028,     84,    175
 1.8550,-39.9463,     88,    180
 1.8560,-34.4220,     82,    175
 1.8570,-37.9268,     82,    179
 1.8580,-28.9366,    100,    176
 1.8590,-36.3977,     96,    173
 1.8600,-32.7461,     96,    178
 1.8610,-27.3185,     84,    180
 1.8620,-43.7952,     84,    180
 1.8630,-36.1595,     80,    181
 1.8640,-40.0823,     82,    180
 1.8650,-41.4170,     84,    178
 1.8660,-51.1069,     80,    179
 1.8670,-32.1064,     82,    178
 1.8680,-32.9860,     80,    184
 1.8690,-35.9253,     82,    171
 1.8700,-26.8169,     82,    171
 1.8710,-35.1848,     76,    181
 1.8720,-45.5767,     78,    180
 1.8730,-41.6114,     76,    175
 1.8740,-46.2594,     74,    182
 1.8750,-33.5455,     80,    173
 1.8760,-43.7324,     74,    175
 1.8770,-52.6973,     80,    178
 1.8780,-41.6446,     74,    184
 1.8790,-29.9429,     80,    171
 1.8800,-24.6300,     82,    169
 1.8810,-32.8068,     76,    180
 1.8820,-34.9748,     76,    180
 1.8830,-39.1465,     76,    173
 1.8840,-36.2204,     70,    179
 1.8850,-32.9392,     74,    180
 1.8860,-40.0814,     74,    173
 1.8870,-44.9266,     74,    177
 1.8880,-33.0521,     72,    184
 1.8890,-30.9094,     74,    171
 1.8900,-24.8119,     68,    181
 1.8910,-29.1788,     70,    180
 1.8920,-31.4202,     70,    180
 1.8930,-40.0910,     70,    173
 1.8940,-39.3711,     70,    177
 1.8950,-33.5189,     70,    178
 1.8960,-42.7657,     72,    174
 1.8970,-41.8995,     72,    178
 1.8980,-30.5063,     62,    168
 1.8990,-32.0906,     72,    171
 1.9000,-27.7846,     74,    170
 1.9010,-29.5852,     68,    180
 1.9020,-30.0195,     70,    167
 1.9030,-37.9240,     68,    173
 1.9040,-38.4595,     68,    177
 1.9050,-34.1479,     70,    176
 1.9060,-47.2799,     68,    171
 1.9070,-41.9145,     62,    161
 1.9080,-32.1126,     66,    178
 1.9090,-37.3645,     66,    171
 1.9100,-29.2534,     58,    163
 1.9110,-26.4048,     58,    168
 1.9120,-33.5790,     68,    167
 1.9130,-30.7163,     54,    159
 1.9140,-35.0630,     68,    172
 1.9150,-45.2670,     68,    176
 1.9160,-32.8694,     64,    173
 1.9170,-41.6323,     66,    172
 1.9180,-64.4394,     66,    176
 1.9190,-33.6656,     64,    171
 1.9200,-36.8944,     66,    170
 1.9210,-29.8155,     58,    162
 1.9220,-33.1207,     52,    159
 1.9230,-30.5987,     52,    159
 1.9240,-39.4743,     54,    157
 1.9250,-33.1233,     54,    158
 1.9260,-38.5442,     50,    159
 1.9270,-37.0522,     64,    172
 1.9280,-38.7896,     60,    160
 1.9290,-30.0179,     64,    176
 1.9300,-41.8065,     64,    169
 1.9310,-39.1960,     58,    160
 1.9320,-28.7099,     58,    160
 1.9330,-25.1403,     52,    158
 1.9340,-36.9966,     52,    157
 1.9350,-30.6800,     48,    159
 1.9360,-37.4448,     48,    159
 1.9370,-41.1905,     50,    157
 1.9380,-29.3041,     50,    157
 1.9390,-30.8641,     54,    160
 1.9400,-35.1319,     50,    155
 1.9410,-32.1321,     56,    160
 1.9420,-31.9292,     56,    160
 1.9430,-24.5599,     52,    151
 1.9440,-28.4589,     44,    159
 1.9450,-35.2070,     44,    159
 1.9460,-33.8512,     46,    158
 1.9470,-36.4097,     48,    158
 1.9480,-38.0274,     42,    159
 1.9490,-33.5899,     50,    156
 1.9500,-28.6055,     46,    162
 1.9510,-25.7486,     50,    154
 1.9520,-23.6268,     50,    160
 1.9530,-27.0320,     50,    160
 1.9540,-26.6046,     38,    159
 1.9550,-41.4904,     38,    159
 1.9560,-33.5797,     44,    158
 1.9570,-30.9774,     30,    159
 1.9580,-27.6084,     40,    159
 1.9590,-32.8547,     42,    157
 1.9600,-30.8600,     42,    157
 1.9610,-31.8528,     46,    160
 1.9620,-28.6056,     48,    154
 1.9630,-25.1373,     42,    161
 1.9640,-25.8178,     42,    162
 1.9650,-26.1076,     36,    159
 1.9660,-35.0586,     36,    159
 1.9670,-42.4247,     38,    158
 1.9680,-33.6512,     30,    157
 1.9690,-28.1313,     30,    158
 1.9700,-34.6899,     40,    157
 1.9710,-34.4060,     40,    158
 1.9720,-30.6925,     44,    160
 1.9730,-34.4184,     40,    155
 1.9740,-30.6966,     40,    155
 1.9750,-27.0677,     42,    160
 1.9760,-27.0246,     38,    151
 1.9770,-35.1397,     36,    157
 1.9780,-39.2989,     36,    158
 1.9790,-29.8431,     22,    159
 1.9800,-38.9018,     28,    157
 1.9810,-40.3933,     34,    158
 1.9820,-33.5095,     40,    156
 1.9830,-41.6009,     38,    154
 1.9840,-41.1053,     34,    155
 1.9850,-29.4773,     40,    154
 1.9860,-33.0318,     26,    155
 1.9870,-29.7673,     26,    155
 1.9880,-30.6562,     36,    151
 1.9890,-30.5904,     38,    149
 1.9900,-29.0523,     38,    149
 1.9910,-31.9755,     36,    156
 1.9920,-33.0339,     28,    156
 1.9930,-35.5896,     34,    156
 1.9940,-51.5432,     24,    158
 1.9950,-35.7833,     28,    153
 1.9960,-34.1304,     28,    154
 1.9970,-38.6374,     34,    153
 1.9980,-36.6482,     24,    155
 1.9990,-25.3830,     36,    149
 2.0000,-28.0880,     36,    149
 2.0010,-25.0226,     36,    150
 2.0020,-34.2496,     22,    151
 2.0030,-35.1672,     22,    156
 2.0040,-32.3633,     36,    147
 2.0050,-43.8785,     32,    156
 2.0060,-34.4865,     36,    152
 2.0070,-37.0524,     34,    143
 2.0080,-33.3111,     34,    147
 2.0090,-31.2062,     32,    154
 2.0100,-41.0872,     24,    153
 2.0110,-32.1275,     24,    154
 2.0120,-26.7178,     20,    151
 2.0130,-41.3522,     20,    151
 2.0140,-29.0638,     14,    158
 2.0150,-42.5824,     22,    150
 2.0160,-51.5773,     18,    151
 2.0170,-30.6135,     24,    149
 2.0180,-40.4765,     14,    155
 2.0190,-37.6021,     32,    143
 2.0200,-29.8431,     24,    143
 2.0210,-34.2974,     18,    153
 2.0220,-36.3992,     32,    152
 2.0230,-24.3327,     24,    152
 2.0240,-24.1225,     14,    151
 2.0250,-34.1864,     14,    151
 2.0260,-29.8819,     20,    149
 2.0270,-38.7616,     20,    150
 2.0280,-32.0046,     14,    156
 2.0290,-36.1227,     32,    148
 2.0300,-51.5692,     20,    147
 2.0310,-46.6108,     14,    154
 2.0320,-39.3741,     32,    141
 2.0330,-33.5381,     18,    147
 2.0340,-35.8473,     18,    152
 2.0350,-31.7986,     32,    139
 2.0360,-28.8670,     32,    139
 2.0370,-33.7290,     12,    151
 2.0380,-31.7557,     12,    151
 2.0390,-30.2127,     14,    150
 2.0400,-33.4428,     14,    150
 2.0410,-37.4140,     16,    150
 2.0420,-34.0767,     14,    143
 2.0430,-47.7086,     18,    148
 2.0440,-34.8606,     14,    152
 2.0450,-36.8666,     32,    140
 2.0460,-44.1113,     20,    139
 2.0470,-31.7259,     18,    146
 2.0480,-29.0319,     32,    137
 2.0490,-33.5524,     18,    139
 2.0500,-29.6508,      6,    151
 2.0510,-37.6478,     12,    150
 2.0520,-32.0544,     14,    148
 2.0530,-29.2511,     14,    148
 2.0540,-33.8611,     16,    148
 2.0550,-41.5272,     10,    149
 2.0560,-37.8261,     20,    140
 2.0570,-35.3937,     18,    135
 2.0580,-32.5299,     10,    143
 2.0590,-45.7272,     16,    146
 2.0600,-32.5901,     18,    144
 2.0610,-32.4873,     10,    152
 2.0620,-31.3811,     16,    139
 2.0630,-51.1802,     18,    138
 2.0640,-31.1413,      6,    150
 2.0650,-38.5893,     12,    148
 2.0660,-28.2917,     12,    148
 2.0670,-41.6206,      6,    147
 2.0680,-50.3092,     12,    142
 2.0690,-39.1778,     10,    148
 2.0700,-32.8561,      8,    147
 2.0710,-32.7989,     10,    141
 2.0720,-37.2746,     10,    145
 2.0730,-29.7567,     10,    146
 2.0740,-26.8572,     18,    131
 2.0750,-39.4565,     10,    139
 2.0760,-36.0681,     16,    138
 2.0770,-40.5184,      6,    148
 2.0780,-27.9412,      6,    148
 2.0790,-29.3991,     12,    135
 2.0800,-32.4059,      4,    147
 2.0810,-39.7643,      8,    148
 2.0820,-31.5755,     12,    140
 2.0830,-31.8614,     10,    135
 2.0840,-34.1021,      8,    145
 2.0850,-32.8612,     10,    140
 2.0860,-34.2802,     10,    144
 2.0870,-25.8996,     10,    144
 2.0880,-31.5596,      8,    139
 2.0890,-35.8143,     10,    137
 2.0900,-35.1434,     16,    136
 2.0910,-22.8700,     16,    136
 2.0920,-23.0906,     12,    133
 2.0930,-27.2403,     12,    133
 2.0940,-37.1879,      4,    145
 2.0950,-27.3784,      4,    146
 2.0960,-25.6612,      6,    144
 2.0970,-28.6571,     10,    133
 2.0980,-40.6773,      2,    146
 2.0990,-33.8007,      8,    140
 2.1000,-34.8160,      8,    144
 2.1010,-25.9219,     10,    131
 2.1020,-28.2803,      8,    138
 2.1030,-38.0942,      8,    138
 2.1040,-27.8805,     10,    136
 2.1050,-21.2340,     10,    136
 2.1060,-20.3508,     12,    132
 2.1070,-24.5000,     12,    132
 2.1080,-24.8295,     12,    132
 2.1090,-35.0589,      4,    144
 2.1100,-24.4700,      2,    135
 2.1110,-25.9201,      2,    135
 2.1120,-32.8531,      2,    144
 2.1130,-31.3013,      2,    144
 2.1140,-23.0867,      4,    138
 2.1150,-24.2059,     10,    129
 2.1160,-24.3115,     10,    130
 2.1170,-24.0497,      2,    137
 2.1180,-22.8320,      2,    138
 2.1190,-19.5545,      2,    138
 2.1200,-16.5323,      2,    138
 2.1210,-14.1146,      2,    138
 2.1220,-12.2030,      2,    138
 2.1230,-12.7906,      4,    136
 2.1240,-14.5922,      4,    136
 2.1250,-16.9132,      4,    136
 2.1260,-19.9947,      4,    136
 2.1270,-24.0482,      4,    136
 2.1280,-25.9810,      4,    136
 2.1290,-22.1795,      4,    136
 2.1300,-19.3580,      2,    136
 2.1310,-23.0015,      2,    136
 2.1320,-25.2816,      2,    136
 2.1330,-22.2862,      2,    136
 2.1340,-18.5745,      2,    136
 2.1350,-15.6632,      2,    136
 2.1360,-13.4129,      2,    136
 2.1370,-11.6150,      2,    136
 2.1380,-10.1359,      2,    136
 2.1390,-8.8944,      2,    136
 2.1400,-7.8564,      2,    136
 2.1410,-6.9564,      2,    136
 2.1420,-6.1675,      2,    136
 2.1430,-5.5368,      2,    136
 2.1440,-4.8834,      2,    136
 2.1450,-4.4508,      2,    136
 2.1460,-4.0106,      2,    136
 2.1470,-3.7189,      2,    136
 2.1480,-3.4266,      2,    136
 2.1490,-3.1283,      2,    136
 2.1500,-2.8526,      2,    136
 2.1510,-2.6141,      2,    136
 2.1520,-2.3806,      2,    136
 2.1530,-2.1667,      2,    136
 2.1540,-1.9822,      2,    136
 2.1550,-1.8694,      4,    136
 2.1560,-1.6896,      4,    136
 2.1570,-1.5416,      2,    136
 2.1580,-1.4496,      4,    136
 2.1590,-1.4279,      4,    136
 2.1600,-1.2588,      4,    136
 2.1610,-1.1490,      4,    136
 2.1620,-1.0347,      2,    136
 2.1630,-0.9216,      2,    136
 2.1640,-0.8128,      2,    136
 2.1650,-0.7011,      2,    136
 2.1660,-0.5127,      2,    136
 2.1670,-0.4625,      2,    136
 2.1680,-0.4111,    712,    302
 2.1690,-0.4169,    712,    304
 2.1700,-0.4181,    714,    299
 2.1710,-0.4188,    712,    309
 2.1720,-0.4216,    712,    309
 2.1730,-0.4275,    714,    305
 2.1740,-0.4051,    712,    308
 2.1750,-0.4100,    712,    308
 2.1760,-0.4085,    712,    305
 2.1770,-0.4169,    644,    277
 2.1780,-0.4322,    710,    286
 2.1790,-0.4327,    710,    291
 2.1800,-0.4382,    710,    306
 2.1810,-0.4248,    712,    288
 2.1820,-0.4227,    714,    307
 2.1830,-0.4434,    710,    286
 2.1840,-0.4595,    710,    287
 2.1850,-0.4710,    712,    291
 2.1860,-0.4681,    712,    304
 2.1870,-0.4750,    712,    299
 2.1880,-0.4799,    712,    305
 2.1890,-0.4835,    712,    307
 2.1900,-0.4793,    712,    301
 2.1910,-0.4803,    712,    302
 2.1920,-0.4850,    712,    303
 2.1930,-0.4814,    714,    300
 2.1940,-0.4894,    712,    306
 2.1950,-0.4862,    714,    296
 2.1960,-0.4894,    712,    305
 2.1970,-0.4810,    714,    295
 2.1980,-0.4854,    714,    296
 2.1990,-0.4911,    722,    300
 2.2000,-0.4950,    714,    310
 2.2010,-0.4944,    714,    309
 2.2020,-0.4969,    714,    289
 2.2030,-0.5015,    716,    300
 2.2040,-0.4921,    714,    306
 2.2050,-0.5003,    716,    299
 2.2060,-0.5048,    716,    300
 2.2070,-0.5059,    716,    308
 2.2080,-0.5026,    716,    300
 2.2090,-0.4997,    716,    293
 2.2100,-0.5098,    716,    310
 2.2110,-0.5077,    716,    306
 2.2120,-0.5073,    716,    308
 2.2130,-0.5111,    716,    311
 2.2140,-0.5106,    716,    308
 2.2150,-0.5093,    716,    306
 2.2160,-0.5132,    718,    290
 2.2170,-0.5132,    716,    310
 2.2180,-0.5145,    716,    299
 2.2190,-0.5172,    716,    305
 2.2200,-0.5155,    718,    297
 2.2210,-0.5127,    684,    300
 2.2220,-0.5179,    718,    291
 2.2230,-0.5125,    620,    288
 2.2240,-0.5145,    716,    308
 2.2250,-0.5151,    718,    302
 2.2260,-0.5123,    718,    297
 2.2270,-0.5267,    686,    289
 2.2280,-0.5271,    684,    294
 2.2290,-0.5248,    684,    300
 2.2300,-0.5120,    718,    293
 2.2310,-0.5124,    718,    300
 2.2320,-0.5158,    716,    312
 2.2330,-0.5227,    718,    308
 2.2340,-0.5224,    716,    310
 2.2350,-0.5205,    718,    303
 2.2360,-0.5212,    718,    303
 2.2370,-0.5190,    718,    305
 2.2380,-0.5228,    718,    309
 2.2390,-0.5195,    720,    301
 2.2400,-0.5198,    718,    296
 2.2410,-0.5202,    718,    309
 2.2420,-0.5224,    718,    310
 2.2430,-0.5219,    718,    308
 2.2440,-0.5236,    718,    305
 2.2450,-0.5290,    718,    310
 2.2460,-0.5205,    718,    310
 2.2470,-0.4692,    718,    308
 2.2480,-0.4752,    718,    307
 2.2490,-0.4796,    718,    304
 2.2500,-0.5315,    718,    313
 2.2510,-0.4774,    716,    310
 2.2520,-0.4781,    720,    301
 2.2530,-0.4763,    718,    306
 2.2540,-0.4748,    718,    307
 2.2550,-0.4794,    718,    309
 2.2560,-0.4756,    718,    306
 2.2570,-0.4794,    718,    313
 2.2580,-0.4847,    722,    309
 2.2590,-0.4770,    724,    308
 2.2600,-0.4769,    720,    304
 2.2610,-0.4799,    692,    288
 2.2620,-0.4783,    718,    311
 2.2630,-0.4341,    718,    308
 2.2640,-0.4776,    686,    306
 2.2650,-0.4784,    718,    305
 2.2660,-0.4813,    718,    308
 2.2670,-0.4799,    686,    306
 2.2680,-0.4939,    718,    308
 2.2690,-0.4924,    718,    305
 2.2700,-0.4684,    718,    308
 2.2710,-0.4969,    718,    310
 2.2720,-0.4971,    718,    305
 2.2730,-0.4999,    718,    307
 2.2740,-0.4984,    720,    310
 2.2750,-0.4073,    718,    307
 2.2760,-0.5008,    718,    306
 2.2770,-0.5041,    718,    308
 2.2780,-0.4479,    724,    304
 2.2790,-0.4445,    720,    313
 2.2800,-0.4999,    724,    303
 2.2810,-0.4495,    722,    306
 2.2820,-0.5084,    688,    292
 2.2830,-0.5009,    718,    313
 2.2840,-0.5040,    718,    307
 2.2850,-0.5041,    718,    308
 2.2860,-0.5065,    718,    304
 2.2870,-0.5025,    718,    307
 2.2880,-0.5125,    718,    310
 2.2890,-0.5130,    718,    309
 2.2900,-0.5158,    718,    308
 2.2910,-0.4665,    688,    300
 2.2920,-0.5184,    722,    309
 2.2930,-0.5149,    722,    306
 2.2940,-0.4662,    720,    305
 2.2950,-0.5149,    722,    305
 2.2960,-0.4638,    724,    299
 2.2970,-0.5219,    720,    310
 2.2980,-0.5251,    722,    311
 2.2990,-0.5192,    718,    313
 2.3000,-0.4593,    688,    298
 2.3010,-0.4617,    688,    305
 2.3020,-0.4298,    722,    305
 2.3030,-0.5235,    722,    306
 2.3040,-0.5192,    688,    298
 2.3050,-0.5205,    686,    305
 2.3060,-0.4606,    724,    300
 2.3070,-0.4563,    720,    308
 2.3080,-0.4598,    724,    303
 2.3090,-0.4875,    724,    301
 2.3100,-0.4563,    720,    313
 2.3110,-0.4572,    720,    311
 2.3120,-0.5197,    726,    304
 2.3130,-0.5373,    718,    312
 2.3140,-0.4826,    724,    304
 2.3150,-0.5501,    722,    309
 2.3160,-0.4808,    722,    303
 2.3170,-0.5464,    722,    307
 2.3180,-0.5495,    726,    305
 2.3190,-0.5189,    722,    308
 2.3200,-0.4773,    726,    299
 2.3210,-0.5419,    722,    312
 2.3220,-0.5554,    726,    309
 2.3230,-0.4797,    724,    313
 2.3240,-0.5164,    446,    270
 2.3250,-0.4818,    722,    312
 2.3260,-0.4799,    722,    306
 2.3270,-0.4918,    726,    308
 2.3280,-0.4934,    726,    309
 2.3290,-0.4828,    722,    307
 2.3300,-0.4864,    690,    296
 2.3310,-0.5444,    726,    310
 2.3320,-0.4822,    722,    307
 2.3330,-0.4840,    726,    305
 2.3340,-0.4753,    690,    279
 2.3350,-0.4734,    688,    306
 2.3360,-0.4798,    726,    307
 2.3370,-0.5404,    726,    310
 2.3380,-0.5101,    712,    295
 2.3390,-0.4715,    722,    307
 2.3400,-0.5042,    710,    299
 2.3410,-0.4730,    710,    298
 2.3420,-0.4948,    710,    297
 2.3430,-0.5084,    712,    289
 2.3440,-0.5079,    712,    286
 2.3450,-0.5101,    712,    297
 2.3460,-0.5153,    712,    300
 2.3470,-0.5058,    712,    294
 2.3480,-0.5746,    712,    295
 2.3490,-0.5066,    712,    291
 2.3500,-0.5129,    712,    290
 2.3510,-0.5078,    712,    290
 2.3520,-0.5097,    712,    305
 2.3530,-0.5230,    682,    290
 2.3540,-0.5328,    716,    306
 2.3550,-0.5230,    682,    290
 2.3560,-0.5541,    682,    290
 2.3570,-0.5427,    712,    309
 2.3580,-0.5454,    712,    308
 2.3590,-0.5431,    714,    297
 2.3600,-0.5404,    714,    292
 2.3610,-0.5450,    714,    305
 2.3620,-0.5262,    714,    312
 2.3630,-0.5249,    714,    305
 2.3640,-0.5201,    714,    302
 2.3650,-0.5205,    714,    308
 2.3660,-0.5220,    714,    309
 2.3670,-0.5194,    714,    305
 2.3680,-0.5176,    714,    305
 2.3690,-0.5206,    714,    309
 2.3700,-0.5171,    714,    304
 2.3710,-0.5154,    714,    304
 2.3720,-0.5165,    716,    302
 2.3730,-0.5110,    714,    303
 2.3740,-0.5343,    714,    305
 2.3750,-0.5083,    714,    308
 2.3760,-0.5340,    716,    297
 2.3770,-0.5371,    716,    301
 2.3780,-0.5417,    690,    280
 2.3790,-0.5312,    714,    312
 2.3800,-0.5543,    656,    287
 2.3810,-0.5325,    714,    306
 2.3820,-0.5410,    716,    306
 2.3830,-0.5371,    716,    305
 2.3840,-0.5378,    684,    292
 2.3850,-0.5365,    716,    305
 2.3860,-0.5354,    716,    300
 2.3870,-0.5405,    716,    312
 2.3880,-0.5339,    716,    304
 2.3890,-0.5374,    716,    308
 2.3900,-0.5341,    716,    311
 2.3910,-0.5337,    718,    299
 2.3920,-0.5411,    716,    312
 2.3930,-0.5210,    716,    304
 2.3940,-0.5331,    622,    293
 2.3950,-0.5369,    716,    312
 2.3960,-0.5379,    686,    284
 2.3970,-0.5411,    618,    288
 2.3980,-0.5501,    620,    292
 2.3990,-0.5402,    648,    294
 2.4000,-0.5367,    652,    275
 2.4010,-0.5411,    650,    283
 2.4020,-0.5395,    686,    281
 2.4030,-0.5361,    620,    291
 2.4040,-0.5337,    720,    293
 2.4050,-0.5360,    686,    297
 2.4060,-0.5356,    718,    311
 2.4070,-0.5402,    722,    297
 2.4080,-0.5315,    652,    288
 2.4090,-0.5265,    652,    275
 2.4100,-0.5341,    652,    296
 2.4110,-0.5427,    720,    304
 2.4120,-0.5345,    686,    297
 2.4130,-0.5407,    686,    305
 2.4140,-0.5255,    622,    283
 2.4150,-0.4555,    722,    293
 2.4160,-0.5421,    724,    307
 2.4170,-0.5282,    720,    308
 2.4180,-0.5041,    652,    294
 2.4190,-0.4136,    724,    311
 2.4200,-0.4603,    722,    288
 2.4210,-0.4024,    718,    309
 2.4220,-0.4267,    722,    309
 2.4230,-0.5357,    726,    300
 2.4240,-0.4700,    722,    311
 2.4250,-0.4633,    688,    306
 2.4260,-0.5413,    724,    308
 2.4270,-0.4003,    722,    305
 2.4280,-0.4475,    722,    310
 2.4290,-0.4636,    722,    304
 2.4300,-0.4297,    592,    274
 2.4310,-0.4459,    654,    282
 2.4320,-0.4571,    722,    296
 2.4330,-0.4701,    722,    309
 2.4340,-0.4677,    688,    304
 2.4350,-0.3650,    722,    310
 2.4360,-0.4390,    688,    280
 2.4370,-0.4227,    690,    296
 2.4380,-0.4363,    624,    282
 2.4390,-0.4506,    724,    308
 2.4400,-0.4185,    724,    309
 2.4410,-0.4150,    724,    309
 2.4420,-0.4175,    724,    314
 2.4430,-0.4106,    724,    294
 2.4440,-0.4100,    718,    310
 2.4450,-0.4152,    718,    312
 2.4460,-0.4201,    390,    273
 2.4470,-0.4349,    452,    276
 2.4480,-0.4098,    722,    296
 2.4490,-0.4131,    694,    280
 2.4500,-0.4073,    688,    304
 2.4510,-0.4100,    656,    290
 2.4520,-0.4024,    720,    310
 2.4530,-0.4038,    718,    308
 2.4540,-0.4040,    720,    313
 2.4550,-0.4169,    722,    309
 2.4560,-0.4093,    686,    303
 2.4570,-0.4204,    322,    259
 2.4580,-0.4421,    496,    284
 2.4590,-0.4342,    496,    287
 2.4600,-0.4315,    426,    264
 2.4610,-0.4411,    390,    277
 2.4620,-0.4415,    390,    282
 2.4630,-0.4421,    390,    279
 2.4640,-0.4416,    390,    276
 2.4650,-0.4268,    360,    263
 2.4660,-0.4145,    390,    191
 2.4670,-0.4497,    460,    275
 2.4680,-0.4072,    718,    307
 2.4690,-0.4573,    496,    279
 2.4700,-0.4438,    426,    266
 2.4710,-0.4461,    390,    258
 2.4720,-0.4127,    216,    260
 2.4730,-0.4508,    390,    262
 2.4740,-0.4430,    390,    275
 2.4750,-0.4095,    428,    187
 2.4760,-0.4265,    324,    260
 2.4770,-0.4484,    358,    266
 2.4780,-0.4488,    390,    281
 2.4790,-0.4638,    390,    282
 2.4800,-0.4146,    218,    264
 2.4810,-0.4481,    390,    274
 2.4820,-0.4244,    254,    257
 2.4830,-0.4263,    254,    258
 2.4840,-0.5167,    254,    175
 2.4850,-0.4191,    216,    183
 2.4860,-0.4624,    390,    281
 2.4870,-0.4624,    390,    282
 2.4880,-0.5604,    390,    274
 2.4890,-0.4592,    390,    282
 2.4900,-0.5376,    250,    257
 2.4910,-0.5331,    392,    190
 2.4920,-0.5352,    294,    171
 2.4930,-0.4590,    254,    263
 2.4940,-0.3670,    212,    258
 2.4950,-0.4318,    250,    263
 2.4960,-0.4506,    252,    266
 2.4970,-0.4274,    250,    263
 2.4980,-0.4322,    252,    259
 2.4990,-0.4153,    252,    185
 2.5000,-0.4181,    248,    260
 2.5010,-0.4219,    724,    294
 2.5020,-0.3968,    686,    299
 2.5030,-0.4241,    212,    262
 2.5040,-0.3603,    250,    182
 2.5050,-0.4261,    146,    156
 2.5060,-0.4036,    688,    300
 2.5070,-0.4243,    252,    257
 2.5080,-0.4060,    718,    311
 2.5090,-0.4069,    724,    299
 2.5100,-0.4177,    720,    299
 2.5110,-0.4130,    718,    308
 2.5120,-0.4145,    720,    302
 2.5130,-0.4267,    722,    303
 2.5140,-0.4272,    722,    312
 2.5150,-0.4294,    690,    287
 2.5160,-0.4233,    690,    287
 2.5170,-0.4130,    720,    299
 2.5180,-0.4087,    716,    309
 2.5190,-0.4057,    620,    291
 2.5200,-0.3605,    690,    287
 2.5210,-0.4160,    654,    288
 2.5220,-0.4143,    718,    313
 2.5230,-0.4140,    686,    306
 2.5240,-0.3732,    722,    308
 2.5250,-0.4155,    716,    311
 2.5260,-0.3628,    726,    297
 2.5270,-0.4333,    690,    287
 2.5280,-0.4101,    724,    312
 2.5290,-0.4142,    718,    298
 2.5300,-0.4174,    722,    312
 2.5310,-0.4111,    488,    289
 2.5320,-0.4478,    726,    304
 2.5330,-0.4390,    690,    288
 2.5340,-0.4539,    724,    314
 2.5350,-0.4190,    654,    286
 2.5360,-0.4393,    718,    299
 2.5370,-0.4218,    720,    301
 2.5380,-0.4278,    722,    308
 2.5390,-0.4336,    722,    309
 2.5400,-0.4139,    686,    300
 2.5410,-0.4195,    686,    304
 2.5420,-0.4282,    686,    289
 2.5430,-0.4393,    718,    310
 2.5440,-0.4216,    722,    312
 2.5450,-0.4111,    624,    285
 2.5460,-0.4128,    688,    293
 2.5470,-0.4240,    688,    303
 2.5480,-0.4248,    718,    308
 2.5490,-0.4121,    720,    298
 2.5500,-0.4093,    688,    280
 2.5510,-0.4131,    720,    297
 2.5520,-0.4285,    720,    311
 2.5530,-0.4268,    718,    310
 2.5540,-0.4270,    620,    293
 2.5550,-0.4263,    724,    299
 2.5560,-0.4107,    524,    264
 2.5570,-0.4171,    718,    296
 2.5580,-0.4111,    684,    294
 2.5590,-0.4039,    716,    292
 2.5600,-0.4181,    716,    310
 2.5610,-0.4181,    652,    296
 2.5620,-0.4323,    724,    303
 2.5630,-0.4518,    688,    299
 2.5640,-0.4063,    716,    298
 2.5650,-0.4180,    716,    312
 2.5660,-0.4125,    652,    296
 2.5670,-0.4547,    722,    310
 2.5680,-0.4400,    622,    294
 2.5690,-0.4483,    654,    292
 2.5700,-0.4573,    722,    310
 2.5710,-0.4519,    690,    283
 2.5720,-0.4583,    690,    296
 2.5730,-0.4329,    726,    307
 2.5740,-0.4537,    720,    306
 2.5750,-0.4586,    726,    314
 2.5760,-0.4561,    726,    305
 2.5770,-0.4469,    726,    293
 2.5780,-0.4693,    694,    283
 2.5790,-0.4440,    722,    309
 2.5800,-0.4376,    694,    298
 2.5810,-0.3935,    722,    309
 2.5820,-0.3854,    722,    309
 2.5830,-0.4610,    726,    309
 2.5840,-0.4353,    726,    305
 2.5850,-0.3918,    726,    308
 2.5860,-0.4609,    726,    312
 2.5870,-0.4586,    726,    311
 2.5880,-0.3996,    722,    309
 2.5890,-0.4662,    722,    309
 2.5900,-0.4708,    722,    309
 2.5910,-0.4678,    726,    309
 2.5920,-0.4003,    726,    308
 2.5930,-0.4713,    726,    312
 2.5940,-0.4738,    726,    308
 2.5950,-0.4897,    722,    309
 2.5960,-0.4019,    726,    310
 2.5970,-0.4726,    692,    290
 2.5980,-0.4228,    722,    309
 2.5990,-0.4868,    690,    301
 2.6000,-0.4741,    626,    282
 2.6010,-0.4879,    496,    281
 2.6020,-0.4936,    722,    309
 2.6030,-0.4751,    718,    311
 2.6040,-0.4760,    624,    297
 2.6050,-0.4743,    722,    295
 2.6060,-0.4148,    722,    309
 2.6070,-0.4124,    726,    296
 2.6080,-0.3997,    686,    287
 2.6090,-0.4206,    628,    288
 2.6100,-0.4113,    722,    294
 2.6110,-0.4181,    628,    293
 2.6120,-0.4013,    626,    294
 2.6130,-0.3965,    722,    311
 2.6140,-0.4016,    694,    285
 2.6150,-0.4030,    626,    293
 2.6160,-0.4096,    694,    288
 2.6170,-0.4084,    690,    288
 2.6180,-0.4158,    624,    291
 2.6190,-0.4014,    724,    311
 2.6200,-0.4026,    688,    305
 2.6210,-0.4042,    724,    305
 2.6220,-0.4151,    726,    308
 2.6230,-0.4020,    722,    306
 2.6240,-0.4015,    724,    310
 2.6250,-0.4107,    694,    286
 2.6260,-0.4106,    722,    309
 2.6270,-0.4113,    722,    308
 2.6280,-0.4104,    722,    312
 2.6290,-0.4126,    722,    309
 2.6300,-0.4799,    722,    306
 2.6310,-0.4108,    688,    304
 2.6320,-0.4077,    722,    308
 2.6330,-0.4021,    610,    289
 2.6340,-0.4535,    582,    264
 2.6350,-0.4638,    550,    256
 2.6360,-0.4699,    616,    272
 2.6370,-0.4654,    616,    269
 2.6380,-0.4633,    616,    272
 2.6390,-0.4746,    644,    284
 2.6400,-0.4655,    644,    286
 2.6410,-0.4648,    584,    280
 2.6420,-0.4628,    584,    261
 2.6430,-0.4643,    584,    267
 2.6440,-0.4772,    584,    275
 2.6450,-0.4798,    550,    267
 2.6460,-0.4864,    552,    261
 2.6470,-0.4877,    552,    260
 2.6480,-0.4688,    448,    256
 2.6490,-0.4764,    554,    190
 2.6500,-0.4783,    518,    256
 2.6510,-0.4757,    348,    262
 2.6520,-0.4837,    348,    264
 2.6530,-0.4874,    348,    267
 2.6540,-0.4723,    348,    260
 2.6550,-0.4857,    554,    189
 2.6560,-0.5379,    348,    267
 2.6570,-0.5380,    284,    260
 2.6580,-0.4846,    282,    262
 2.6590,-0.4825,    282,    262
 2.6600,-0.5364,    282,    261
 2.6610,-0.5227,    520,    189
 2.6620,-0.5281,    726,    306
 2.6630,-0.5300,    718,    308
 2.6640,-0.5362,    520,    184
 2.6650,-0.5281,    690,    288
 2.6660,-0.5328,    718,    313
 2.6670,-0.5467,    384,    191
 2.6680,-0.5345,    726,    314
 2.6690,-0.5348,    718,    308
 2.6700,-0.5385,    720,    310
 2.6710,-0.5424,    722,    310
 2.6720,-0.5420,    722,    304
 2.6730,-0.5464,    626,    293
 2.6740,-0.5575,    726,    308
 2.6750,-0.5576,    726,    308
 2.6760,-0.5597,    692,    288
 2.6770,-0.5601,    726,    309
 2.6780,-0.5611,    726,    308
 2.6790,-0.5643,    692,    289
 2.6800,-0.5641,    726,    308
 2.6810,-0.5612,    180,    186
 2.6820,-0.5326,    692,    288
 2.6830,-0.5352,    692,    288
 2.6840,-0.5327,    692,    288
 2.6850,-0.5321,    692,    288
 2.6860,-0.5335,    692,    301
 2.6870,-0.5337,    692,    288
 2.6880,-0.5319,    628,    294
 2.6890,-0.5340,    628,    296
 2.6900,-0.5381,    628,    291
 2.6910,-0.4906,    692,    289
 2.6920,-0.4886,    692,    289
 2.6930,-0.4907,    692,    288
 2.6940,-0.4900,    726,    308
 2.6950,-0.4853,    726,    309
 2.6960,-0.4802,    628,    290
 2.6970,-0.4931,    628,    292
 2.6980,-0.4851,    626,    296
 2.6990,-0.4813,    726,    313
 2.7000,-0.4866,    726,    309
 2.7010,-0.4796,    726,    308
 2.7020,-0.4835,    726,    313
 2.7030,-0.4894,    726,    314
 2.7040,-0.4883,    726,    308
 2.7050,-0.4852,    692,    288
 2.7060,-0.4847,    726,    309
 2.7070,-0.4920,    726,    308
 2.7080,-0.4879,    726,    308
 2.7090,-0.4895,    726,    313
 2.7100,-0.4883,    726,    307
 2.7110,-0.4909,    726,    314
 2.7120,-0.4896,    726,    312
 2.7130,-0.4949,    726,    308
 2.7140,-0.4904,    690,    299
 2.7150,-0.4925,    692,    288
 2.7160,-0.4922,    726,    309
 2.7170,-0.4952,    690,    301
 2.7180,-0.4978,    692,    288
 2.7190,-0.5024,    692,    288
 2.7200,-0.5012,    692,    285
 2.7210,-0.4993,    692,    300
 2.7220,-0.5046,    692,    289
 2.7230,-0.5059,    692,    288
 2.7240,-0.5043,    692,    286
 2.7250,-0.5046,    692,    300
 2.7260,-0.5034,    692,    301
 2.7270,-0.5069,    692,    299
 2.7280,-0.5046,    726,    309
 2.7290,-0.5060,    692,    288
 2.7300,-0.5041,    726,    314
 2.7310,-0.5036,    692,    289
 2.7320,-0.5049,    692,    289
 2.7330,-0.5033,    692,    289
 2.7340,-0.5064,    692,    288
 2.7350,-0.5073,    692,    285
 2.7360,-0.5082,    692,    288
 2.7370,-0.5094,    692,    289
 2.7380,-0.5107,    692,    289
 2.7390,-0.5101,    692,    288
 2.7400,-0.5105,    692,    286
 2.7410,-0.5116,    726,    314
 2.7420,-0.5112,    692,    301
 2.7430,-0.5077,    628,    290
 2.7440,-0.5153,    692,    301
 2.7450,-0.5165,    692,    287
 2.7460,-0.5168,    690,    300
 2.7470,-0.5078,    726,    310
 2.7480,-0.5134,    692,    290
 2.7490,-0.5096,    690,    292
 2.7500,-0.5039,    692,    288
 2.7510,-0.5096,    726,    310
 2.7520,-0.5004,    692,    288
 2.7530,-0.5035,    726,    309
 2.7540,-0.5237,    726,    308
 2.7550,-0.5233,    692,    289
 2.7560,-0.5040,    726,    309
 2.7570,-0.5061,    692,    288
 2.7580,-0.5223,    726,    314
 2.7590,-0.5258,    726,    308
 2.7600,-0.5270,    726,    308
 2.7610,-0.5263,    726,    308
 2.7620,-0.5257,    692,    288
 2.7630,-0.5258,    726,    308
 2.7640,-0.5304,    726,    308
 2.7650,-0.5290,    726,    308
 2.7660,-0.5258,    726,    309
 2.7670,-0.5279,    726,    308
 2.7680,-0.5281,    692,    286
 2.7690,-0.5291,    692,    288
 2.7700,-0.5318,    726,    308
 2.7710,-0.5320,    692,    288
 2.7720,-0.5413,    692,    288
 2.7730,-0.5490,    726,    308
 2.7740,-0.5595,    692,    288
 2.7750,-0.5684,    692,    288
 2.7760,-0.7045,    626,    296
 2.7770,-0.6883,    692,    288
 2.7780,-0.6851,    692,    288
 2.7790,-0.6899,    692,    288
 2.7800,-0.6881,    726,    309
 2.7810,-0.5347,    726,    309
 2.7820,-0.5328,    692,    288
 2.7830,-0.6859,    726,    308
 2.7840,-0.6887,    726,    308
 2.7850,-0.5331,    726,    308
 2.7860,-0.6859,    690,    301
 2.7870,-0.6898,    726,    309
 2.7880,-0.5338,    692,    289
 2.7890,-0.6892,    726,    308
 2.7900,-0.6872,    726,    308
 2.7910,-0.6877,    726,    312
 2.7920,-0.6901,    622,    297
 2.7930,-0.7270,    722,    307
 2.7940,-0.7212,    724,    314
 2.7950,-0.5778,    726,    312
 2.7960,-0.7244,    690,    296
 2.7970,-0.7183,    718,    309
 2.7980,-0.7331,    690,    298
 2.7990,-0.5781,    692,    299
 2.8000,-0.7344,    726,    314
 2.8010,-0.7261,    688,    305
 2.8020,-0.7356,    726,    314
 2.8030,-0.7342,    690,    298
 2.8040,-0.7349,    628,    294
 2.8050,-0.7393,    726,    308
 2.8060,-0.7341,    690,    298
 2.8070,-0.7394,    726,    312
 2.8080,-0.5806,    692,    286
 2.8090,-0.7410,    726,    308
 2.8100,-0.7419,    690,    300
 2.8110,-0.5848,    690,    300
 2.8120,-0.5868,    692,    288
 2.8130,-0.5838,    726,    309
 2.8140,-0.5824,    726,    310
 2.8150,-0.7403,    692,    289
 2.8160,-0.7442,    726,    308
 2.8170,-0.5848,    726,    314
 2.8180,-0.7437,    726,    308
 2.8190,-0.5840,    690,    298
 2.8200,-0.5861,    726,    314
 2.8210,-0.5826,    692,    289
 2.8220,-0.5936,    726,    309
 2.8230,-0.7467,    692,    288
 2.8240,-0.5874,    726,    307
 2.8250,-0.5869,    726,    309
 2.8260,-0.5878,    726,    314
 2.8270,-0.5881,    726,    309
 2.8280,-0.5866,    726,    312
 2.8290,-0.5892,    726,    307
 2.8300,-0.7447,    726,    307
 2.8310,-0.7540,    726,    308
 2.8320,-0.7549,    726,    308
 2.8330,-0.5943,    726,    308
 2.8340,-0.7527,    726,    308
 2.8350,-0.7545,    726,    308
 2.8360,-0.7566,    692,    288
 2.8370,-0.7547,    726,    308
 2.8380,-0.7584,    726,    309
 2.8390,-0.7579,    726,    308
 2.8400,-0.7565,    726,    309
 2.8410,-0.5557,    726,    309
 2.8420,-0.5557,    692,    288
 2.8430,-0.5590,    692,    288
 2.8440,-0.5557,    726,    314
 2.8450,-0.5523,    726,    309
 2.8460,-0.5523,    726,    308
 2.8470,-0.5472,    726,    307
 2.8480,-0.7514,    690,    299
 2.8490,-0.7535,    690,    298
 2.8500,-0.5491,    690,    301
 2.8510,-0.7081,    594,    269
 2.8520,-0.7045,    692,    289
 2.8530,-0.7036,    692,    288
 2.8540,-0.7356,    552,    260
 2.8550,-0.7417,    644,    284
 2.8560,-0.6988,    694,    288
 2.8570,-0.7131,    618,    289
 2.8580,-0.7225,    684,    288
 2.8590,-0.7283,    678,    283
 2.8600,-0.7057,    692,    288
 2.8610,-0.7446,    680,    290
 2.8620,-0.7227,    682,    300
 2.8630,-0.7634,    726,    314
 2.8640,-0.7482,    722,    305
 2.8650,-0.7569,    726,    313
 2.8660,-0.7567,    692,    290
 2.8670,-0.5906,    726,    310
 2.8680,-0.5919,    584,    286
 2.8690,-0.5998,    726,    307
 2.8700,-0.6047,    726,    313
 2.8710,-0.7642,    726,    313
 2.8720,-0.6011,    726,    306
 2.8730,-0.6003,    690,    299
 2.8740,-0.6085,    618,    296
 2.8750,-0.5983,    710,    305
 2.8760,-0.6027,    712,    304
 2.8770,-0.6001,    584,    286
 2.8780,-0.6398,    712,    306
 2.8790,-0.6036,    714,    297
 2.8800,-0.5998,    714,    295
 2.8810,-0.6029,    712,    304
 2.8820,-0.5990,    712,    305
 2.8830,-0.6005,    712,    306
 2.8840,-0.6358,    678,    292
 2.8850,-0.5967,    710,    307
 2.8860,-0.6057,    712,    309
 2.8870,-0.6596,    712,    307
 2.8880,-0.6024,    714,    295
 2.8890,-0.6570,    712,    305
 2.8900,-0.6043,    712,    307
 2.8910,-0.6647,    714,    305
 2.8920,-0.6596,    712,    307
 2.8930,-0.6636,    714,    305
 2.8940,-0.6569,    712,    307
 2.8950,-0.6493,    678,    295
 2.8960,-0.6412,    520,    261
 2.8970,-0.6407,    646,    287
 2.8980,-0.5864,    618,    285
 2.8990,-0.5925,    616,    296
 2.9000,-0.6021,    584,    261
 2.9010,-0.5850,    584,    285
 2.9020,-0.5900,    628,    292
 2.9030,-0.5908,    712,    299
 2.9040,-0.5857,    584,    286
 2.9050,-0.5969,    620,    280
 2.9060,-0.6217,    716,    309
 2.9070,-0.6362,    718,    312
 2.9080,-0.5298,    722,    312
 2.9090,-0.5281,    718,    309
 2.9100,-0.5439,    628,    294
 2.9110,-0.6524,    726,    314
 2.9120,-0.7395,    722,    311
 2.9130,-0.7449,    726,    307
 2.9140,-0.5383,    726,    307
 2.9150,-0.8057,    690,    298
 2.9160,-0.8627,    726,    309
 2.9170,-0.7519,    692,    300
 2.9180,-0.7488,    690,    300
 2.9190,-0.7499,    726,    314
 2.9200,-0.7547,    692,    288
 2.9210,-0.7554,    692,    285
 2.9220,-0.7574,    692,    288
 2.9230,-0.8660,    692,    288
 2.9240,-0.8116,    692,    289
 2.9250,-0.7612,    628,    291
 2.9260,-0.7526,    726,    308
 2.9270,-0.7563,    692,    286
 2.9280,-0.7601,    692,    301
 2.9290,-0.7758,    628,    292
 2.9300,-0.7728,    692,    291
 2.9310,-0.7643,    628,    289
 2.9320,-0.7681,    692,    289
 2.9330,-0.7639,    110,    182
 2.9340,-0.7609,    692,    288
 2.9350,-0.7592,    692,    288
 2.9360,-0.7477,    628,    292
 2.9370,-0.7440,    628,    291
 2.9380,-0.7404,    692,    288
 2.9390,-0.7411,    692,    288
 2.9400,-0.7391,    692,    288
 2.9410,-0.9367,    326,    263
 2.9420,-0.9221,    418,    264
 2.9430,-0.8769,    294,    259
 2.9440,-0.8260,    624,    290
 2.9450,-1.0325,    722,    304
 2.9460,-0.8202,    564,    258
 2.9470,-0.8066,    630,    278
 2.9480,-0.8218,    460,    261
 2.9490,-0.9205,    694,    284
 2.9500,-0.8030,    692,    295
 2.9510,-0.9043,    658,    273
 2.9520,-0.9095,    690,    280
 2.9530,-0.9366,    660,    293
 2.9540,-0.9256,    462,    269
 2.9550,-0.9266,    628,    296
 2.9560,-0.9207,    688,    306
 2.9570,-0.8973,    560,    267
 2.9580,-0.9461,    254,    264
 2.9590,-0.9418,    528,    266
 2.9600,-0.9060,    254,    170
 2.9610,-0.9386,    460,    270
 2.9620,-0.9143,    490,    284
 2.9630,-0.8872,    418,    260
 2.9640,-0.9475,    390,    273
 2.9650,-0.9076,    460,    271
 2.9660,-0.8964,    388,    272
 2.9670,-0.9248,    358,    264
 2.9680,-0.8951,    526,    262
 2.9690,-0.8993,    390,    272
 2.9700,-0.9050,    628,    287
 2.9710,-0.9035,    496,    281
 2.9720,-0.8962,    388,    272
 2.9730,-0.8781,    598,    279
 2.9740,-0.8924,    564,    262
 2.9750,-0.8942,    358,    265
 2.9760,-0.8144,    272,    265
 2.9770,-0.9260,    252,    258
 2.9780,-0.7813,    196,    262
 2.9790,-0.8780,    320,    261
 2.9800,-0.8422,    290,    178
 2.9810,-0.8711,    530,    267
 2.9820,-0.8435,    290,    167
 2.9830,-0.8857,    322,    260
 2.9840,-0.7399,    674,    289
 2.9850,-0.7350,    718,    298
 2.9860,-0.7301,    718,    297
 2.9870,-0.7704,    678,    296
 2.9880,-0.7410,    514,    283
 2.9890,-0.7322,    682,    301
 2.9900,-0.7360,    718,    290
 2.9910,-0.7499,    718,    312
 2.9920,-0.7515,    718,    308
 2.9930,-0.7490,    718,    308
 2.9940,-0.6063,    720,    312
 2.9950,-0.7542,    722,    310
 2.9960,-0.6646,    722,    304
 2.9970,-0.6252,    722,    304
 2.9980,-0.6337,    718,    313
 2.9990,-0.6334,    722,    309
 3.0000,-0.8388,    726,    306
