search settings:
	Cpar Precision = 5
	Cser Precision = 3
	Acq. Frequency Start = 1.800 MHz
	Acq. Frequency Stop = 3.200 MHz
	Acq. Frequency Spacing = 0.001 MHz
	S11 Optimization Frequency Start = 2.00 MHz
	S11 Optimization Frequency Stop = 3.00 MHz
	Cpar seed = 870 (354.0 pF)
	Cser seed = 301 (126.0 pF)

freq(MHz)	 S11(dB)	 Cpar(digit)	 Cser(digit)
 1.8000,-9.1128,      0,      0
 1.8010,-9.0811,      0,      0
 1.8020,-9.1024,      0,      0
 1.8030,-9.1063,      0,      0
 1.8040,-9.1233,      0,      0
 1.8050,-9.1330,      0,      0
 1.8060,-9.1440,      0,      0
 1.8070,-9.1578,      0,      0
 1.8080,-9.1665,      0,      0
 1.8090,-9.1747,      0,      0
 1.8100,-9.2392,      0,      0
 1.8110,-9.3141,      0,      0
 1.8120,-9.2658,      0,      0
 1.8130,-9.2643,      0,      0
 1.8140,-9.2757,      0,      0
 1.8150,-9.2879,      0,      0
 1.8160,-9.3016,      0,      0
 1.8170,-9.3105,      0,      0
 1.8180,-9.3269,      0,      0
 1.8190,-9.3360,      0,      0
 1.8200,-9.3509,      0,      0
 1.8210,-9.3646,      0,      0
 1.8220,-9.3694,      0,      0
 1.8230,-9.3863,      0,      0
 1.8240,-9.3903,      0,      0
 1.8250,-9.4113,      0,      0
 1.8260,-9.4192,      0,      0
 1.8270,-9.4288,      0,      0
 1.8280,-9.4380,      0,      0
 1.8290,-9.4621,      0,      0
 1.8300,-9.4647,      0,      0
 1.8310,-9.4863,      0,      0
 1.8320,-9.4903,      0,      0
 1.8330,-9.4625,      0,      0
 1.8340,-9.3256,      0,      0
 1.8350,-9.5186,      0,      0
 1.8360,-9.5229,      0,      0
 1.8370,-9.5500,      0,      0
 1.8380,-9.5557,      0,      0
 1.8390,-9.5647,      0,      0
 1.8400,-9.5805,      0,      0
 1.8410,-9.5902,      0,      0
 1.8420,-9.6032,      0,      0
 1.8430,-9.6119,      0,      0
 1.8440,-9.6291,      0,      0
 1.8450,-9.6396,      0,      0
 1.8460,-9.6527,      0,      0
 1.8470,-9.6641,      0,      0
 1.8480,-9.6765,      0,      0
 1.8490,-9.6933,      0,      0
 1.8500,-9.6965,      0,      0
 1.8510,-9.7099,      0,      0
 1.8520,-9.7333,      0,      0
 1.8530,-9.7380,      0,      0
 1.8540,-9.7431,      0,      0
 1.8550,-9.7710,      0,      0
 1.8560,-9.8180,      0,      0
 1.8570,-9.7079,      0,      0
 1.8580,-9.7660,      0,      0
 1.8590,-9.7908,      0,      0
 1.8600,-9.8024,      0,      0
 1.8610,-9.8092,      0,      0
 1.8620,-9.8268,      0,      0
 1.8630,-9.8326,      0,      0
 1.8640,-9.8456,      0,      0
 1.8650,-9.8586,      0,      0
 1.8660,-9.8590,      0,      0
 1.8670,-9.8774,      0,      0
 1.8680,-9.8900,      0,      0
 1.8690,-9.9022,      0,      0
 1.8700,-9.8999,      0,      0
 1.8710,-9.9194,      0,      0
 1.8720,-9.9158,      0,      0
 1.8730,-9.9336,      0,      0
 1.8740,-9.9394,      0,      0
 1.8750,-9.9735,      0,      0
 1.8760,-9.9546,      0,      0
 1.8770,-9.9625,      0,      0
 1.8780,-9.9629,      0,      0
 1.8790,-9.9373,      0,      0
 1.8800,-9.7986,      0,      0
 1.8810,-10.0465,      0,      0
 1.8820,-10.0404,      0,      0
 1.8830,-10.0420,      0,      0
 1.8840,-10.0419,      0,      0
 1.8850,-10.0480,      0,      0
 1.8860,-10.0648,      0,      0
 1.8870,-10.0734,      0,      0
 1.8880,-10.0840,      0,      0
 1.8890,-10.1014,      0,      0
 1.8900,-10.1079,      0,      0
 1.8910,-10.1197,      0,      0
 1.8920,-10.1327,      0,      0
 1.8930,-10.1387,      0,      0
 1.8940,-10.1513,      0,      0
 1.8950,-10.1654,      0,      0
 1.8960,-10.1759,      0,      0
 1.8970,-10.1873,      0,      0
 1.8980,-10.1927,      0,      0
 1.8990,-10.2060,      0,      0
 1.9000,-10.2169,      0,      0
 1.9010,-10.2357,      0,      0
 1.9020,-10.2445,      0,      0
 1.9030,-10.2110,      0,      0
 1.9040,-10.1427,      0,      0
 1.9050,-10.2494,      0,      0
 1.9060,-10.2818,      0,      0
 1.9070,-10.2923,      0,      0
 1.9080,-10.3051,      0,      0
 1.9090,-10.3131,      0,      0
 1.9100,-10.3184,      0,      0
 1.9110,-10.3268,      0,      0
 1.9120,-10.3426,      0,      0
 1.9130,-10.3533,      0,      0
 1.9140,-10.3655,      0,      0
 1.9150,-10.3753,      0,      0
 1.9160,-10.3826,      0,      0
 1.9170,-10.3877,      0,      0
 1.9180,-10.3931,      0,      0
 1.9190,-10.4117,      0,      0
 1.9200,-10.4193,      0,      0
 1.9210,-10.4202,      0,      0
 1.9220,-10.4396,      0,      0
 1.9230,-10.4423,      0,      0
 1.9240,-10.4571,      0,      0
 1.9250,-10.4547,      0,      0
 1.9260,-10.4666,      0,      0
 1.9270,-10.4502,      0,      0
 1.9280,-10.4338,      0,      0
 1.9290,-10.3439,      0,      0
 1.9300,-10.5612,      0,      0
 1.9310,-10.5110,      0,      0
 1.9320,-10.5099,      0,      0
 1.9330,-10.5177,      0,      0
 1.9340,-10.5208,      0,      0
 1.9350,-10.5269,      0,      0
 1.9360,-10.5330,      0,      0
 1.9370,-10.5402,      0,      0
 1.9380,-10.5470,      0,      0
 1.9390,-10.5588,      0,      0
 1.9400,-10.5606,      0,      0
 1.9410,-10.5672,      0,      0
 1.9420,-10.5852,      0,      0
 1.9430,-10.5826,      0,      0
 1.9440,-10.5914,      0,      0
 1.9450,-10.5975,      0,      0
 1.9460,-10.6142,      0,      0
 1.9470,-10.6078,      0,      0
 1.9480,-10.6326,      0,      0
 1.9490,-10.6336,      0,      0
 1.9500,-10.6479,      0,      0
 1.9510,-10.6511,      0,      0
 1.9520,-10.6645,      0,      0
 1.9530,-10.6943,      0,      0
 1.9540,-10.7285,      0,      0
 1.9550,-10.6980,      0,      0
 1.9560,-10.6967,      0,      0
 1.9570,-10.7097,      0,      0
 1.9580,-10.7199,      0,      0
 1.9590,-10.7349,      0,      0
 1.9600,-10.7435,      0,      0
 1.9610,-10.7576,      0,      0
 1.9620,-10.7669,      0,      0
 1.9630,-10.7749,      0,      0
 1.9640,-10.7862,      0,      0
 1.9650,-10.7998,      0,      0
 1.9660,-10.8063,      0,      0
 1.9670,-10.8015,      0,      0
 1.9680,-10.8881,      0,      0
 1.9690,-11.3912,   1465,    379
 1.9700,-12.3635,   1465,    379
 1.9710,-13.1624,   1465,    379
 1.9720,-14.2643,   1465,    379
 1.9730,-15.0967,   1465,    379
 1.9740,-16.2581,   1465,    379
 1.9750,-18.8700,   1465,    379
 1.9760,-20.1827,   1465,    379
 1.9770,-20.8425,   1465,    379
 1.9780,-20.7277,   1465,    379
 1.9790,-19.0396,   1465,    379
 1.9800,-17.8069,   1465,    379
 1.9810,-20.4166,   1465,    373
 1.9820,-22.5402,   1465,    373
 1.9830,-24.3040,   1465,    373
 1.9840,-23.3787,   1465,    376
 1.9850,-25.5325,   1465,    367
 1.9860,-29.7265,   1465,    367
 1.9870,-29.1799,   1465,    367
 1.9880,-27.6824,   1465,    370
 1.9890,-23.6474,   1455,    373
 1.9900,-24.2489,   1455,    373
 1.9910,-24.0464,   1455,    367
 1.9920,-29.0072,   1465,    364
 1.9930,-39.4550,   1465,    364
 1.9940,-37.0072,   1465,    361
 1.9950,-35.6891,   1465,    361
 1.9960,-29.2582,   1465,    358
 1.9970,-37.4170,   1465,    358
 1.9980,-33.5771,   1465,    355
 1.9990,-32.1817,   1460,    364
 2.0000,-40.8313,   1455,    364
 2.0010,-53.6660,   1460,    361
 2.0020,-29.1865,   1455,    361
 2.0030,-32.3339,   1455,    358
 2.0040,-36.5243,   1460,    358
 2.0050,-33.1971,   1460,    355
 2.0060,-28.6232,   1455,    349
 2.0070,-29.4888,   1450,    364
 2.0080,-32.0065,   1450,    364
 2.0090,-33.1824,   1450,    361
 2.0100,-40.2161,   1445,    364
 2.0110,-41.4711,   1445,    361
 2.0120,-34.7726,   1450,    358
 2.0130,-32.9301,   1450,    355
 2.0140,-35.2488,   1445,    358
 2.0150,-34.1754,   1435,    364
 2.0160,-40.5335,   1435,    364
 2.0170,-50.4745,   1435,    361
 2.0180,-38.4887,   1440,    364
 2.0190,-43.7051,   1440,    361
 2.0200,-36.2984,   1435,    358
 2.0210,-33.3825,   1440,    358
 2.0220,-36.2194,   1440,    358
 2.0230,-36.2090,   1430,    361
 2.0240,-37.9836,   1430,    361
 2.0250,-30.0367,   1425,    364
 2.0260,-36.0272,   1425,    364
 2.0270,-39.7439,   1425,    361
 2.0280,-39.1572,   1405,    361
 2.0290,-31.8505,   1425,    358
 2.0300,-39.3318,   1425,    358
 2.0310,-38.8903,   1405,    358
 2.0320,-34.2960,   1405,    355
 2.0330,-37.3649,   1420,    361
 2.0340,-37.9159,   1415,    361
 2.0350,-39.8034,   1420,    358
 2.0360,-36.1522,   1420,    358
 2.0370,-39.3992,   1415,    358
 2.0380,-36.6312,   1415,    355
 2.0390,-40.6984,   1400,    358
 2.0400,-38.0883,   1395,    358
 2.0410,-37.9930,   1395,    358
 2.0420,-40.5218,   1395,    355
 2.0430,-31.6896,   1395,    349
 2.0440,-35.0464,   1390,    361
 2.0450,-46.9449,   1410,    358
 2.0460,-38.7413,   1410,    355
 2.0470,-53.6336,   1390,    358
 2.0480,-40.8119,   1390,    355
 2.0490,-32.7017,   1390,    355
 2.0500,-32.5949,   1375,    361
 2.0510,-40.6441,   1385,    358
 2.0520,-44.8989,   1385,    355
 2.0530,-42.4942,   1375,    358
 2.0540,-40.9186,   1375,    355
 2.0550,-35.1614,   1375,    355
 2.0560,-34.9744,   1390,    352
 2.0570,-36.5132,   1380,    358
 2.0580,-33.1543,   1380,    355
 2.0590,-37.8506,   1380,    355
 2.0600,-37.7904,   1380,    349
 2.0610,-30.7256,   1370,    358
 2.0620,-36.3853,   1375,    352
 2.0630,-32.5330,   1370,    355
 2.0640,-52.9358,   1370,    349
 2.0650,-36.9792,   1380,    346
 2.0660,-34.6618,   1365,    349
 2.0670,-53.6088,   1380,    352
 2.0680,-28.0774,   1370,    346
 2.0690,-29.3747,   1365,    343
 2.0700,-33.0209,   1370,    352
 2.0710,-34.4570,   1365,    346
 2.0720,-31.6696,   1365,    352
 2.0730,-53.8500,   1365,    352
 2.0740,-35.0666,   1360,    349
 2.0750,-40.3755,   1360,    349
 2.0760,-41.2585,   1355,    349
 2.0770,-29.7467,   1355,    349
 2.0780,-30.5859,   1340,    358
 2.0790,-37.0852,   1340,    349
 2.0800,-37.1099,   1340,    349
 2.0810,-42.1307,   1335,    349
 2.0820,-41.8292,   1360,    352
 2.0830,-41.8966,   1355,    352
 2.0840,-37.7824,   1275,    349
 2.0850,-35.2008,   1275,    349
 2.0860,-38.1145,   1335,    346
 2.0870,-39.2096,   1345,    349
 2.0880,-45.9748,   1335,    352
 2.0890,-36.9986,   1275,    346
 2.0900,-47.0440,   1350,    352
 2.0910,-37.1818,   1275,    352
 2.0920,-43.0047,   1345,    346
 2.0930,-34.9445,   1270,    349
 2.0940,-47.7517,   1345,    352
 2.0950,-40.2186,   1330,    346
 2.0960,-36.2066,   1265,    355
 2.0970,-39.5286,   1330,    352
 2.0980,-33.2992,   1270,    346
 2.0990,-50.2328,   1325,    352
 2.1000,-37.9424,   1270,    352
 2.1010,-38.7716,   1265,    343
 2.1020,-40.6621,   1265,    346
 2.1030,-34.3602,   1265,    352
 2.1040,-38.4961,   1310,    349
 2.1050,-37.1963,   1310,    349
 2.1060,-42.9784,   1320,    346
 2.1070,-41.5343,   1260,    346
 2.1080,-61.5221,   1320,    352
 2.1090,-44.7253,   1315,    352
 2.1100,-39.8042,   1315,    352
 2.1110,-48.3335,   1255,    352
 2.1120,-38.0889,   1310,    352
 2.1130,-37.3838,   1250,    349
 2.1140,-37.9512,   1305,    346
 2.1150,-33.5694,   1245,    346
 2.1160,-41.3340,   1305,    352
 2.1170,-37.1371,   1250,    343
 2.1180,-47.3500,   1250,    346
 2.1190,-30.3795,   1250,    346
 2.1200,-46.6748,   1300,    343
 2.1210,-39.4105,   1295,    343
 2.1220,-32.9047,   1295,    346
 2.1230,-33.2203,   1295,    346
 2.1240,-37.1901,   1240,    346
 2.1250,-37.6260,   1235,    343
 2.1260,-31.6043,   1250,    337
 2.1270,-30.9425,   1235,    346
 2.1280,-34.4353,   1235,    352
 2.1290,-40.2853,   1215,    343
 2.1300,-42.7942,   1230,    343
 2.1310,-49.5384,   1290,    343
 2.1320,-39.8412,   1290,    346
 2.1330,-42.2743,   1285,    343
 2.1340,-37.8713,   1285,    346
 2.1350,-40.7009,   1225,    346
 2.1360,-32.7087,   1225,    346
 2.1370,-32.9973,   1215,    340
 2.1380,-44.4198,   1210,    343
 2.1390,-35.8360,   1210,    346
 2.1400,-32.0602,   1210,    346
 2.1410,-33.3886,   1285,    340
 2.1420,-45.4981,   1280,    343
 2.1430,-38.5448,   1220,    343
 2.1440,-35.6984,   1280,    346
 2.1450,-31.1109,   1205,    352
 2.1460,-34.0033,   1210,    340
 2.1470,-30.9816,   1210,    340
 2.1480,-29.5624,   1210,    337
 2.1490,-34.3056,   1205,    340
 2.1500,-36.7554,   1195,    343
 2.1510,-35.6165,   1280,    340
 2.1520,-38.5323,   1220,    337
 2.1530,-30.9536,   1200,    346
 2.1540,-29.9525,   1200,    352
 2.1550,-27.8100,   1200,    352
 2.1560,-26.6831,   1195,    340
 2.1570,-32.3988,   1195,    340
 2.1580,-41.4201,   1195,    340
 2.1590,-53.0522,   1200,    340
 2.1600,-36.3799,   1200,    337
 2.1610,-31.9845,   1200,    337
 2.1620,-29.1671,   1200,    334
 2.1630,-30.6379,   1185,    343
 2.1640,-28.8480,   1185,    343
 2.1650,-29.3560,   1180,    343
 2.1660,-35.0019,   1190,    340
 2.1670,-40.7425,   1190,    340
 2.1680,-52.6566,   1190,    337
 2.1690,-31.5507,   1190,    337
 2.1700,-30.3529,   1190,    334
 2.1710,-40.0665,   1185,    340
 2.1720,-34.4852,   1185,    340
 2.1730,-41.2200,   1185,    337
 2.1740,-38.8219,   1180,    340
 2.1750,-37.6847,   1180,    337
 2.1760,-37.5321,   1180,    337
 2.1770,-35.9640,   1175,    340
 2.1780,-43.6090,   1175,    337
 2.1790,-31.2495,   1180,    331
 2.1800,-30.3774,   1175,    334
 2.1810,-31.2262,   1175,    334
 2.1820,-28.3908,   1175,    331
 2.1830,-29.6247,   1145,    343
 2.1840,-26.7591,   1145,    346
 2.1850,-27.6380,   1145,    346
 2.1860,-31.4296,   1150,    340
 2.1870,-36.5991,   1150,    340
 2.1880,-41.1954,   1150,    337
 2.1890,-35.7728,   1165,    337
 2.1900,-31.0593,   1170,    334
 2.1910,-33.5773,   1170,    334
 2.1920,-34.6938,   1145,    340
 2.1930,-38.5228,   1145,    337
 2.1940,-31.6407,   1145,    337
 2.1950,-31.8209,   1145,    334
 2.1960,-35.3721,   1145,    334
 2.1970,-32.3716,   1145,    331
 2.1980,-32.4353,   1160,    340
 2.1990,-36.9521,   1160,    337
 2.2000,-33.4479,   1155,    340
 2.2010,-35.2800,   1160,    334
 2.2020,-34.5894,   1155,    337
 2.2030,-36.4499,   1135,    337
 2.2040,-36.2183,   1155,    334
 2.2050,-39.6521,   1140,    334
 2.2060,-33.6584,   1135,    334
 2.2070,-32.5080,   1135,    331
 2.2080,-27.6936,   1135,    331
 2.2090,-24.0718,   1135,    331
 2.2100,-26.0010,   1115,    343
 2.2110,-29.0018,   1130,    340
 2.2120,-32.2924,   1130,    340
 2.2130,-34.4352,   1130,    337
 2.2140,-33.7178,   1130,    337
 2.2150,-30.6344,   1130,    334
 2.2160,-53.9349,   1130,    334
 2.2170,-32.8542,   1130,    331
 2.2180,-34.5282,   1130,    331
 2.2190,-31.8808,   1125,    334
 2.2200,-38.7878,   1125,    334
 2.2210,-43.6658,   1125,    331
 2.2220,-34.5285,   1125,    331
 2.2230,-33.0760,   1115,    334
 2.2240,-44.0872,   1115,    334
 2.2250,-33.0418,   1115,    331
 2.2260,-34.1967,   1115,    331
 2.2270,-29.4259,   1130,    328
 2.2280,-33.7139,   1120,    337
 2.2290,-32.1076,   1110,    340
 2.2300,-33.0202,   1120,    334
 2.2310,-42.6900,   1120,    334
 2.2320,-40.4636,   1120,    331
 2.2330,-39.0553,   1110,    334
 2.2340,-36.4372,   1110,    334
 2.2350,-40.7703,   1110,    331
 2.2360,-31.4568,   1105,    337
 2.2370,-35.4456,   1020,    319
 2.2380,-41.9828,   1015,    319
 2.2390,-39.5891,   1105,    334
 2.2400,-41.6180,   1105,    331
 2.2410,-32.1558,   1105,    331
 2.2420,-31.8460,   1085,    334
 2.2430,-49.4602,   1085,    334
 2.2440,-32.9764,   1085,    334
 2.2450,-36.7876,   1100,    334
 2.2460,-44.0454,   1100,    334
 2.2470,-40.0936,   1015,    325
 2.2480,-54.3947,   1010,    319
 2.2490,-43.3552,   1095,    334
 2.2500,-39.9544,   1095,    331
 2.2510,-37.9282,   1005,    319
 2.2520,-39.5319,   1005,    319
 2.2530,-37.3944,   1005,    319
 2.2540,-42.2379,   1080,    334
 2.2550,-35.6223,   1080,    334
 2.2560,-44.1759,   1080,    331
 2.2570,-48.9266,   1075,    334
 2.2580,-48.8486,   1010,    328
 2.2590,-39.1303,   1075,    331
 2.2600,-44.3700,   1090,    334
 2.2610,-41.2506,   1090,    331
 2.2620,-42.5789,    995,    319
 2.2630,-32.8032,    995,    319
 2.2640,-41.3847,   1070,    334
 2.2650,-35.4873,   1070,    334
 2.2660,-48.0891,    990,    319
 2.2670,-32.8137,    990,    319
 2.2680,-28.9296,   1075,    328
 2.2690,-33.8419,   1065,    334
 2.2700,-41.7352,   1065,    334
 2.2710,-51.2418,    985,    319
 2.2720,-52.5833,    995,    328
 2.2730,-32.6883,    995,    328
 2.2740,-42.3952,   1055,    334
 2.2750,-40.7689,    990,    325
 2.2760,-43.1739,    990,    328
 2.2770,-33.4732,    990,    328
 2.2780,-29.7034,    995,    322
 2.2790,-32.4036,    985,    325
 2.2800,-51.3548,   1060,    334
 2.2810,-43.8293,    985,    328
 2.2820,-35.9294,   1060,    331
 2.2830,-30.3641,   1050,    337
 2.2840,-28.7318,   1050,    337
 2.2850,-33.2873,   1050,    334
 2.2860,-35.5680,   1050,    334
 2.2870,-36.7918,   1050,    331
 2.2880,-35.1371,   1050,    331
 2.2890,-44.4975,    955,    319
 2.2900,-38.8627,    980,    325
 2.2910,-46.8500,    975,    328
 2.2920,-40.4667,    980,    328
 2.2930,-30.5803,    980,    313
 2.2940,-27.1566,    980,    313
 2.2950,-30.4743,    965,    319
 2.2960,-42.6656,    965,    319
 2.2970,-33.7315,    980,    322
 2.2980,-58.5797,    955,    325
 2.2990,-39.2803,    955,    328
 2.3000,-47.5417,    970,    325
 2.3010,-40.4925,    970,    328
 2.3020,-40.0336,   1035,    334
 2.3030,-39.8526,   1035,    331
 2.3040,-37.0897,   1040,    331
 2.3050,-44.0328,    965,    325
 2.3060,-40.4839,    965,    316
 2.3070,-34.8157,    965,    328
 2.3080,-33.2638,    950,    325
 2.3090,-41.9097,    950,    325
 2.3100,-37.2919,    950,    328
 2.3110,-33.0134,    950,    313
 2.3120,-36.2403,   1030,    334
 2.3130,-33.7394,   1030,    319
 2.3140,-44.0294,    945,    325
 2.3150,-39.9266,    960,    325
 2.3160,-36.4333,    960,    316
 2.3170,-40.1090,    960,    316
 2.3180,-42.6816,   1025,    319
 2.3190,-40.6482,   1025,    331
 2.3200,-36.1929,    945,    322
 2.3210,-29.3749,   1025,    331
 2.3220,-40.8356,    960,    322
 2.3230,-39.1419,   1030,    325
 2.3240,-43.6306,   1030,    328
 2.3250,-52.1333,    935,    316
 2.3260,-46.8600,    940,    313
 2.3270,-35.8882,    935,    313
 2.3280,-36.1571,   1025,    325
 2.3290,-33.9753,   1025,    325
 2.3300,-49.6097,    940,    322
 2.3310,-41.7817,    935,    322
 2.3320,-29.8572,    935,    322
 2.3330,-27.2808,    935,    307
 2.3340,-30.4067,    930,    325
 2.3350,-33.4055,    930,    316
 2.3360,-39.9805,    930,    316
 2.3370,-44.2946,    930,    313
 2.3380,-41.2776,    925,    313
 2.3390,-32.8351,    925,    313
 2.3400,-28.6665,    930,    310
 2.3410,-34.8342,    930,    322
 2.3420,-37.1510,    930,    322
 2.3430,-36.8257,    925,    322
 2.3440,-32.3714,    925,    307
 2.3450,-28.0982,    925,    307
 2.3460,-28.7492,    920,    325
 2.3470,-32.7711,    920,    316
 2.3480,-35.6930,    915,    316
 2.3490,-36.9242,    920,    313
 2.3500,-34.4264,    915,    313
 2.3510,-31.9000,    895,    316
 2.3520,-32.3768,    920,    310
 2.3530,-44.3248,    920,    310
 2.3540,-49.6403,    915,    310
 2.3550,-41.2130,    920,    307
 2.3560,-32.5734,    895,    310
 2.3570,-54.9388,    895,    310
 2.3580,-33.8030,    895,    307
 2.3590,-37.9756,    895,    307
 2.3600,-30.7713,    910,    313
 2.3610,-27.1374,    910,    313
 2.3620,-29.6502,    890,    316
 2.3630,-39.6975,    910,    310
 2.3640,-40.7253,    910,    310
 2.3650,-41.5136,    910,    307
 2.3660,-32.9586,    910,    307
 2.3670,-28.5777,    915,    304
 2.3680,-41.7708,    890,    310
 2.3690,-41.6465,    905,    310
 2.3700,-52.1699,    890,    307
 2.3710,-43.2479,    905,    307
 2.3720,-30.6824,    905,    307
 2.3730,-29.2450,    885,    310
 2.3740,-37.7957,    885,    310
 2.3750,-33.0152,    885,    307
 2.3760,-40.5852,    885,    307
 2.3770,-31.7161,    910,    304
 2.3780,-28.5655,    890,    301
 2.3790,-29.7583,    905,    301
 2.3800,-30.6506,    890,    304
 2.3810,-36.9109,    890,    304
 2.3820,-37.0084,    900,    307
 2.3830,-35.3051,    900,    307
 2.3840,-30.6270,    885,    301
 2.3850,-31.7508,    880,    310
 2.3860,-33.6600,    875,    310
 2.3870,-39.2104,    885,    304
 2.3880,-34.1040,    885,    304
 2.3890,-30.5570,    875,    307
 2.3900,-25.6891,    900,    301
 2.3910,-31.2060,    900,    301
 2.3920,-32.3828,    900,    301
 2.3930,-33.0041,    900,    304
 2.3940,-49.3547,    900,    304
 2.3950,-37.1120,    900,    304
 2.3960,-34.9581,    880,    301
 2.3970,-34.6535,    880,    301
 2.3980,-32.5719,    880,    304
 2.3990,-51.0255,    880,    304
 2.4000,-44.1874,    875,    304
 2.4010,-33.6629,    870,    307
 2.4020,-30.8924,    870,    307
 2.4030,-26.6838,    880,    295
 2.4040,-28.1997,    880,    298
 2.4050,-28.4276,    865,    310
 2.4060,-28.2892,    865,    307
 2.4070,-30.6239,    865,    307
 2.4080,-28.5431,    860,    310
 2.4090,-29.1837,    870,    301
 2.4100,-39.3433,    870,    301
 2.4110,-36.3269,    870,    301
 2.4120,-36.2937,    870,    304
 2.4130,-37.8712,    870,    304
 2.4140,-28.8564,    870,    304
 2.4150,-31.3582,    865,    301
 2.4160,-38.9858,    865,    301
 2.4170,-31.2961,    865,    301
 2.4180,-41.5634,    865,    304
 2.4190,-39.5812,    860,    301
 2.4200,-42.7012,    855,    301
 2.4210,-30.7726,    860,    304
 2.4220,-37.8393,    855,    304
 2.4230,-32.2974,    855,    304
 2.4240,-30.8567,    865,    298
 2.4250,-27.9898,    855,    295
 2.4260,-30.4165,    855,    295
 2.4270,-31.0318,    860,    298
 2.4280,-31.7319,    855,    298
 2.4290,-25.2882,    855,    298
 2.4300,-27.5988,    850,    301
 2.4310,-34.4475,    850,    301
 2.4320,-32.1761,    850,    301
 2.4330,-28.2496,    850,    304
 2.4340,-29.8321,    850,    304
 2.4350,-28.5000,    850,    304
 2.4360,-28.9605,    845,    301
 2.4370,-35.8794,    845,    301
 2.4380,-36.3115,    850,    295
 2.4390,-38.5953,    850,    298
 2.4400,-37.0794,    830,    301
 2.4410,-30.6285,    830,    301
 2.4420,-29.0307,    830,    304
 2.4430,-31.3147,    845,    295
 2.4440,-37.4458,    845,    295
 2.4450,-44.2910,    845,    298
 2.4460,-40.3120,    845,    298
 2.4470,-35.8125,    830,    295
 2.4480,-48.5382,    830,    298
 2.4490,-34.6877,    830,    298
 2.4500,-33.0589,    840,    301
 2.4510,-32.5304,    835,    301
 2.4520,-37.6728,    825,    295
 2.4530,-40.2200,    825,    295
 2.4540,-35.3757,    825,    298
 2.4550,-39.6896,    825,    298
 2.4560,-41.8865,    765,    295
 2.4570,-36.4695,    835,    295
 2.4580,-35.1370,    835,    295
 2.4590,-38.0745,    835,    298
 2.4600,-28.5265,    830,    292
 2.4610,-29.1020,    830,    289
 2.4620,-28.8939,    760,    301
 2.4630,-27.6496,    825,    292
 2.4640,-31.2035,    825,    292
 2.4650,-39.3368,    820,    295
 2.4660,-34.7012,    825,    289
 2.4670,-31.7418,    820,    298
 2.4680,-35.2594,    825,    289
 2.4690,-49.2235,    835,    286
 2.4700,-32.6390,    835,    292
 2.4710,-33.8861,    765,    289
 2.4720,-49.3405,    840,    289
 2.4730,-38.4783,    755,    298
 2.4740,-32.0833,    755,    298
 2.4750,-25.2044,    750,    301
 2.4760,-25.6493,    820,    286
 2.4770,-29.7584,    820,    286
 2.4780,-36.8013,    820,    292
 2.4790,-49.5400,    815,    292
 2.4800,-32.8471,    820,    289
 2.4810,-39.6180,    815,    289
 2.4820,-43.6494,    760,    292
 2.4830,-32.5212,    755,    286
 2.4840,-49.1318,    760,    289
 2.4850,-35.3046,    755,    292
 2.4860,-36.6641,    755,    289
 2.4870,-34.8938,    755,    289
 2.4880,-32.0283,    805,    298
 2.4890,-30.1095,    745,    298
 2.4900,-30.2833,    745,    298
 2.4910,-29.9231,    810,    292
 2.4920,-36.9495,    810,    292
 2.4930,-35.2485,    795,    295
 2.4940,-40.9696,    750,    292
 2.4950,-34.0455,    750,    292
 2.4960,-36.1443,    750,    289
 2.4970,-32.7079,    750,    289
 2.4980,-32.3119,    805,    292
 2.4990,-39.9659,    805,    292
 2.5000,-34.4264,    745,    292
 2.5010,-44.1818,    745,    292
 2.5020,-32.6366,    745,    289
 2.5030,-37.2403,    745,    289
 2.5040,-30.2178,    745,    289
 2.5050,-36.4785,    795,    292
 2.5060,-36.5066,    735,    292
 2.5070,-41.5412,    735,    292
 2.5080,-33.0045,    735,    289
 2.5090,-36.8129,    735,    289
 2.5100,-29.7665,    735,    289
 2.5110,-30.2566,    800,    292
 2.5120,-38.9139,    800,    292
 2.5130,-36.1974,    800,    292
 2.5140,-35.9195,    800,    289
 2.5150,-38.1706,    740,    292
 2.5160,-34.4387,    740,    292
 2.5170,-37.6918,    740,    289
 2.5180,-38.4341,    740,    289
 2.5190,-52.4368,    790,    292
 2.5200,-53.4718,    730,    292
 2.5210,-41.7897,    790,    289
 2.5220,-43.5665,    730,    289
 2.5230,-32.7752,    730,    289
 2.5240,-29.2523,    785,    286
 2.5250,-36.1821,    785,    286
 2.5260,-41.1382,    785,    292
 2.5270,-35.0817,    725,    286
 2.5280,-48.5309,    785,    289
 2.5290,-33.4239,    725,    292
 2.5300,-44.3215,    725,    289
 2.5310,-35.8696,    725,    289
 2.5320,-28.7160,    725,    289
 2.5330,-25.2353,    730,    277
 2.5340,-25.8363,    730,    280
 2.5350,-26.6407,    730,    280
 2.5360,-26.6626,    700,    295
 2.5370,-27.3316,    715,    286
 2.5380,-33.4191,    715,    286
 2.5390,-40.3625,    780,    286
 2.5400,-36.9421,    775,    292
 2.5410,-41.3636,    720,    286
 2.5420,-41.3870,    780,    289
 2.5430,-36.4383,    720,    283
 2.5440,-37.0341,    720,    289
 2.5450,-33.1198,    720,    289
 2.5460,-27.3007,    720,    289
 2.5470,-23.6622,    700,    286
 2.5480,-27.2129,    700,    286
 2.5490,-33.4967,    700,    286
 2.5500,-43.7273,    700,    286
 2.5510,-31.7897,    700,    283
 2.5520,-46.1917,    700,    283
 2.5530,-37.5736,    770,    286
 2.5540,-36.8466,    770,    286
 2.5550,-37.2535,    710,    286
 2.5560,-48.2107,    710,    283
 2.5570,-32.6338,    770,    283
 2.5580,-29.7184,    770,    283
 2.5590,-25.9382,    720,    280
 2.5600,-28.3143,    705,    286
 2.5610,-34.6325,    705,    286
 2.5620,-37.4761,    705,    286
 2.5630,-35.0986,    705,    283
 2.5640,-40.8920,    705,    283
 2.5650,-30.4615,    705,    283
 2.5660,-33.1379,    690,    286
 2.5670,-34.5502,    690,    286
 2.5680,-37.0106,    690,    283
 2.5690,-38.2842,    690,    283
 2.5700,-35.1899,    685,    286
 2.5710,-33.0779,    710,    280
 2.5720,-41.0607,    685,    283
 2.5730,-33.5649,    685,    283
 2.5740,-28.0804,    685,    289
 2.5750,-27.8457,    705,    277
 2.5760,-32.1391,    705,    277
 2.5770,-30.5978,    705,    277
 2.5780,-36.0438,    705,    280
 2.5790,-32.8163,    705,    280
 2.5800,-29.4956,    690,    277
 2.5810,-34.3176,    690,    277
 2.5820,-31.5855,    690,    277
 2.5830,-38.7713,    690,    280
 2.5840,-32.7753,    690,    280
 2.5850,-34.3421,    685,    277
 2.5860,-34.0775,    685,    280
 2.5870,-41.2230,    685,    280
 2.5880,-30.4125,    685,    280
 2.5890,-30.4868,    675,    283
 2.5900,-30.5433,    675,    283
 2.5910,-29.1134,    690,    274
 2.5920,-26.8238,    690,    274
 2.5930,-26.3619,    670,    286
 2.5940,-28.6574,    685,    274
 2.5950,-27.3205,    685,    274
 2.5960,-29.3777,    670,    283
 2.5970,-29.3237,    670,    283
 2.5980,-26.8215,    670,    283
 2.5990,-31.7186,    680,    277
 2.6000,-46.1528,    680,    277
 2.6010,-33.2049,    680,    280
 2.6020,-47.0284,    680,    280
 2.6030,-39.1144,    675,    277
 2.6040,-42.6727,    675,    280
 2.6050,-33.4193,    675,    280
 2.6060,-28.2726,    675,    280
 2.6070,-27.4607,    680,    271
 2.6080,-29.3317,    670,    277
 2.6090,-38.4091,    670,    277
 2.6100,-41.3774,    670,    277
 2.6110,-36.5034,    670,    280
 2.6120,-35.3236,    670,    280
 2.6130,-33.0865,    675,    274
 2.6140,-27.5683,    675,    274
 2.6150,-26.6558,    670,    271
 2.6160,-30.7939,    665,    277
 2.6170,-38.3485,    665,    277
 2.6180,-32.6991,    665,    277
 2.6190,-36.3559,    670,    274
 2.6200,-36.6776,    670,    274
 2.6210,-28.7890,    670,    274
 2.6220,-25.9575,    665,    271
 2.6230,-27.6489,    665,    271
 2.6240,-31.4800,    665,    271
 2.6250,-29.2513,    665,    271
 2.6260,-31.5904,    665,    274
 2.6270,-47.9680,    665,    274
 2.6280,-36.0507,    665,    274
 2.6290,-27.9378,    665,    274
 2.6300,-27.1683,    655,    277
 2.6310,-32.0796,    655,    277
 2.6320,-30.5978,    655,    277
 2.6330,-28.6605,    655,    280
 2.6340,-30.3046,    655,    280
 2.6350,-29.9213,    660,    277
 2.6360,-27.2827,    660,    280
 2.6370,-28.3009,    655,    271
 2.6380,-39.5725,    655,    271
 2.6390,-36.7217,    655,    271
 2.6400,-31.0294,    665,    268
 2.6410,-33.2966,    655,    274
 2.6420,-44.0759,    660,    271
 2.6430,-39.8674,    655,    274
 2.6440,-28.0704,    660,    271
 2.6450,-34.4016,    635,    271
 2.6460,-35.7461,    635,    271
 2.6470,-30.7591,    650,    277
 2.6480,-32.6229,    650,    277
 2.6490,-35.3471,    635,    274
 2.6500,-29.3307,    635,    274
 2.6510,-25.5776,    635,    274
 2.6520,-24.1505,    650,    271
 2.6530,-28.3699,    650,    271
 2.6540,-40.6491,    650,    271
 2.6550,-38.5364,    650,    271
 2.6560,-29.3871,    650,    271
 2.6570,-30.2689,    650,    274
 2.6580,-32.1325,    650,    274
 2.6590,-29.9674,    650,    274
 2.6600,-27.7231,    660,    265
 2.6610,-30.8696,    635,    268
 2.6620,-31.8747,    635,    268
 2.6630,-38.4436,    630,    271
 2.6640,-38.4694,    645,    271
 2.6650,-35.8972,    645,    271
 2.6660,-29.9855,    630,    274
 2.6670,-30.3244,    630,    274
 2.6680,-30.8164,    645,    274
 2.6690,-28.6692,    645,    274
 2.6700,-28.9070,    650,    268
 2.6710,-34.5671,    625,    271
 2.6720,-36.9893,    625,    271
 2.6730,-31.3175,    650,    265
 2.6740,-29.1076,    650,    265
 2.6750,-28.7594,    625,    274
 2.6760,-27.0845,    625,    274
 2.6770,-25.1507,    625,    274
 2.6780,-26.2092,    630,    268
 2.6790,-30.5821,    630,    268
 2.6800,-35.0544,    630,    268
 2.6810,-34.2629,    645,    268
 2.6820,-35.5869,    640,    271
 2.6830,-32.1980,    630,    265
 2.6840,-32.3194,    645,    265
 2.6850,-30.4006,    620,    271
 2.6860,-31.4740,    620,    271
 2.6870,-28.8746,    625,    268
 2.6880,-35.3619,    625,    268
 2.6890,-41.2858,    625,    268
 2.6900,-31.4651,    625,    268
 2.6910,-31.7001,    625,    265
 2.6920,-29.9544,    625,    265
 2.6930,-26.8132,    615,    274
 2.6940,-26.5421,    615,    274
 2.6950,-24.1097,    615,    274
 2.6960,-25.7688,    625,    262
 2.6970,-29.7428,    640,    268
 2.6980,-37.2613,    640,    268
 2.6990,-40.5474,    640,    268
 2.7000,-31.8556,    640,    265
 2.7010,-39.2978,    640,    265
 2.7020,-33.1270,    640,    265
 2.7030,-44.1903,    620,    268
 2.7040,-36.9361,    620,    268
 2.7050,-34.1912,    620,    265
 2.7060,-48.7220,    615,    268
 2.7070,-34.5193,    615,    268
 2.7080,-34.9088,    615,    265
 2.7090,-39.9046,    615,    265
 2.7100,-31.2623,    615,    265
 2.7110,-28.3846,    620,    262
 2.7120,-31.2735,    620,    262
 2.7130,-30.2464,    620,    262
 2.7140,-29.1120,    615,    262
 2.7150,-31.9750,    615,    262
 2.7160,-30.1859,    615,    262
 2.7170,-36.7734,    605,    268
 2.7180,-38.0729,    605,    268
 2.7190,-31.8534,    605,    265
 2.7200,-47.8284,    605,    265
 2.7210,-35.7484,    605,    265
 2.7220,-28.6113,    610,    268
 2.7230,-34.3940,    610,    268
 2.7240,-34.0349,    610,    268
 2.7250,-31.2074,    610,    265
 2.7260,-40.4831,    610,    265
 2.7270,-35.0520,    610,    265
 2.7280,-30.0419,    605,    262
 2.7290,-30.5136,    605,    259
 2.7300,-31.1352,    605,    259
 2.7310,-28.0954,    610,    262
 2.7320,-34.3406,    610,    262
 2.7330,-40.8871,    610,    262
 2.7340,-32.1448,    610,    262
 2.7350,-32.4704,    610,    259
 2.7360,-33.2532,    610,    259
 2.7370,-31.6432,    600,    265
 2.7380,-36.4051,    600,    265
 2.7390,-31.9609,    595,    268
 2.7400,-34.9199,    595,    265
 2.7410,-34.4537,    595,    265
 2.7420,-33.0918,    595,    265
 2.7430,-28.9495,    595,    265
 2.7440,-31.2408,    600,    262
 2.7450,-37.4949,    600,    262
 2.7460,-29.3293,    600,    259
 2.7470,-39.2307,    595,    262
 2.7480,-35.9141,    595,    262
 2.7490,-32.3429,    595,    259
 2.7500,-37.6628,    595,    259
 2.7510,-34.7343,    595,    259
 2.7520,-32.5474,    575,    265
 2.7530,-29.5792,    590,    268
 2.7540,-28.4123,    590,    268
 2.7550,-28.5774,    590,    265
 2.7560,-30.9003,    590,    265
 2.7570,-33.6649,    575,    262
 2.7580,-46.7200,    575,    262
 2.7590,-33.5061,    575,    262
 2.7600,-35.7292,    575,    259
 2.7610,-42.1491,    575,    259
 2.7620,-32.5722,    590,    262
 2.7630,-39.0504,    590,    262
 2.7640,-34.3214,    590,    262
 2.7650,-36.5669,    590,    259
 2.7660,-49.5450,    590,    259
 2.7670,-33.5582,    590,    259
 2.7680,-33.3905,    510,    259
 2.7690,-34.6246,    510,    259
 2.7700,-30.3491,    510,    259
 2.7710,-29.1390,    585,    262
 2.7720,-33.0638,    585,    262
 2.7730,-34.7716,    585,    262
 2.7740,-31.6924,    585,    262
 2.7750,-37.7980,    585,    259
 2.7760,-42.1866,    585,    259
 2.7770,-37.1336,    570,    262
 2.7780,-30.4697,    570,    259
 2.7790,-37.1246,    570,    259
 2.7800,-37.9684,    570,    259
 2.7810,-30.6494,    570,    259
 2.7820,-25.7585,    590,    256
 2.7830,-28.8163,    590,    256
 2.7840,-31.6111,    590,    256
 2.7850,-30.9593,    590,    256
 2.7860,-30.8268,    510,    256
 2.7870,-39.9329,    510,    256
 2.7880,-38.2296,    510,    256
 2.7890,-29.6418,    565,    262
 2.7900,-33.5571,    565,    259
 2.7910,-37.5102,    565,    259
 2.7920,-32.1603,    565,    259
 2.7930,-31.3159,    585,    256
 2.7940,-36.0117,    585,    256
 2.7950,-31.4628,    585,    256
 2.7960,-35.1079,    580,    259
 2.7970,-32.7191,    580,    259
 2.7980,-40.7925,    505,    256
 2.7990,-33.9006,    505,    256
 2.8000,-27.7995,    505,    256
 2.8010,-24.3224,    560,    265
 2.8020,-22.7511,    560,    265
 2.8030,-24.2899,    555,    262
 2.8040,-26.7342,    555,    262
 2.8050,-30.1524,    555,    262
 2.8060,-29.4973,    555,    262
 2.8070,-28.5084,    555,    262
 2.8080,-31.7366,    555,    259
 2.8090,-34.6832,    565,    256
 2.8100,-38.6042,    565,    256
 2.8110,-30.6999,    565,    256
 2.8120,-26.5965,    565,    256
 2.8130,-31.4179,    495,    256
 2.8140,-38.9905,    495,    256
 2.8150,-58.0980,    580,    256
 2.8160,-36.1429,    500,    256
 2.8170,-29.7600,    500,    256
 2.8180,-25.6357,    500,    256
 2.8190,-23.3945,    500,    256
 2.8200,-23.9996,    485,    262
 2.8210,-24.8527,    485,    262
 2.8220,-23.9887,    485,    259
 2.8230,-25.6830,    485,    259
 2.8240,-26.2127,    485,    259
 2.8250,-24.9361,    555,    256
 2.8260,-27.8091,    555,    256
 2.8270,-38.1727,    555,    256
 2.8280,-47.9501,    555,    256
 2.8290,-41.7019,    560,    256
 2.8300,-35.2320,    560,    256
 2.8310,-27.4304,    550,    259
 2.8320,-24.4734,    560,    256
 2.8330,-24.9530,    490,    256
 2.8340,-27.9087,    490,    256
 2.8350,-31.5775,    490,    256
 2.8360,-30.4290,    490,    256
 2.8370,-27.1026,    490,    256
 2.8380,-24.5328,    545,    259
 2.8390,-26.5827,    545,    259
 2.8400,-25.3610,    545,    259
 2.8410,-25.0073,    545,    259
 2.8420,-27.8258,    485,    256
 2.8430,-29.8114,    485,    256
 2.8440,-28.0213,    485,    256
 2.8450,-25.1772,    485,    256
 2.8460,-24.0371,    540,    259
 2.8470,-26.9132,    550,    256
 2.8480,-26.1965,    550,    256
 2.8490,-32.7119,    550,    256
 2.8500,-26.7914,    550,    256
 2.8510,-26.3214,    550,    256
 2.8520,-24.0782,    475,    256
 2.8530,-28.1171,    475,    256
 2.8540,-25.0325,    475,    256
 2.8550,-25.2405,    475,    256
 2.8560,-28.6900,    475,    256
 2.8570,-23.7740,    545,    256
 2.8580,-25.1954,    545,    256
 2.8590,-28.3641,    545,    256
 2.8600,-29.0446,    545,    256
 2.8610,-24.3272,    545,    256
 2.8620,-24.8650,    545,    256
 2.8630,-23.2788,    545,    256
 2.8640,-24.4243,    480,    256
 2.8650,-26.0428,    540,    256
 2.8660,-28.1813,    540,    256
 2.8670,-28.4472,    540,    256
 2.8680,-26.2663,    535,    256
 2.8690,-28.2037,    535,    256
 2.8700,-22.8040,    470,    256
 2.8710,-23.4886,    470,    256
 2.8720,-23.0936,    470,    256
 2.8730,-23.0093,    530,    259
 2.8740,-22.7491,    525,    262
 2.8750,-21.0497,    525,    259
 2.8760,-22.5340,    470,    256
 2.8770,-21.3806,    525,    259
 2.8780,-20.8949,    525,    259
 2.8790,-20.9645,    445,    259
 2.8800,-21.0263,    455,    262
 2.8810,-20.6427,    465,    256
 2.8820,-21.4835,    465,    256
 2.8830,-22.1018,    465,    256
 2.8840,-22.2692,    465,    256
 2.8850,-21.7358,    465,    256
 2.8860,-20.9130,    465,    256
 2.8870,-21.8423,    530,    256
 2.8880,-22.0147,    530,    256
 2.8890,-24.4245,    530,    256
 2.8900,-23.8233,    530,    256
 2.8910,-23.5514,    530,    256
 2.8920,-22.5097,    530,    256
 2.8930,-21.0807,    530,    256
 2.8940,-24.7117,    530,    256
 2.8950,-21.7110,    525,    256
 2.8960,-22.1055,    445,    256
 2.8970,-23.7715,    525,    256
 2.8980,-24.0158,    525,    256
 2.8990,-22.9736,    460,    256
 2.9000,-21.3197,    460,    256
 2.9010,-23.2116,    520,    262
 2.9020,-20.7994,    455,    256
 2.9030,-19.5723,    455,    256
 2.9040,-19.6873,    455,    256
 2.9050,-18.1533,    455,    256
 2.9060,-17.6019,    450,    259
 2.9070,-18.5230,    455,    256
 2.9080,-16.4536,    515,    259
 2.9090,-15.8850,    430,    262
 2.9100,-16.9869,    430,    262
 2.9110,-14.6506,    460,    256
 2.9120,-16.5061,    430,    262
 2.9130,-18.9385,    430,    262
 2.9140,-18.2496,    430,    259
 2.9150,-19.1944,    430,    259
 2.9160,-19.8347,    520,    256
 2.9170,-17.6988,    515,    256
 2.9180,-22.0854,    520,    256
 2.9190,-16.9975,    520,    256
 2.9200,-22.4461,    520,    256
 2.9210,-23.7935,    520,    256
 2.9220,-22.5767,    520,    256
 2.9230,-22.7613,    515,    256
 2.9240,-20.0774,    450,    256
 2.9250,-17.8056,    515,    256
 2.9260,-20.1861,    515,    256
 2.9270,-17.4934,    515,    256
 2.9280,-17.5751,    425,    259
 2.9290,-17.8433,    450,    256
 2.9300,-16.9067,    515,    256
 2.9310,-16.6152,    450,    256
 2.9320,-16.0523,    415,    265
 2.9330,-15.3881,    450,    256
 2.9340,-15.6242,    450,    256
 2.9350,-16.5415,    425,    259
 2.9360,-14.7895,    430,    256
 2.9370,-15.4850,    415,    265
 2.9380,-21.8028,    430,    256
 2.9390,-17.7897,    415,    262
 2.9400,-21.6263,    430,    256
 2.9410,-18.7808,    430,    256
 2.9420,-20.8822,    415,    259
 2.9430,-19.5956,    430,    256
 2.9440,-20.1894,    430,    256
 2.9450,-17.6063,    430,    256
 2.9460,-15.2791,    415,    262
 2.9470,-17.9928,    415,    259
 2.9480,-18.1573,    425,    256
 2.9490,-17.2238,    425,    256
 2.9500,-19.7437,    425,    256
 2.9510,-18.3040,    425,    256
 2.9520,-18.0818,    425,    256
 2.9530,-16.7171,    425,    256
 2.9540,-19.9262,    425,    256
 2.9550,-16.3547,    425,    256
 2.9560,-15.8459,    425,    256
 2.9570,-16.2835,    415,    256
 2.9580,-16.8797,    415,    256
 2.9590,-16.6629,    415,    256
 2.9600,-17.0078,    415,    256
 2.9610,-18.0565,    415,    256
 2.9620,-18.3894,    415,    256
 2.9630,-18.1671,    415,    256
 2.9640,-19.1624,    415,    256
 2.9650,-19.7182,    415,    256
 2.9660,-17.6413,    410,    259
 2.9670,-24.5678,    420,    256
 2.9680,-15.6629,    415,    256
 2.9690,-15.0211,    410,    259
 2.9700,-16.7487,    405,    262
 2.9710,-24.2435,    410,    262
 2.9720,-15.5785,    415,    256
 2.9730,-18.1068,    415,    256
 2.9740,-16.2600,    405,    265
 2.9750,-16.3140,    405,    259
 2.9760,-15.6319,    405,    259
 2.9770,-15.8875,    405,    259
 2.9780,-17.3839,    405,    262
 2.9790,-15.2401,    405,    259
 2.9800,-16.9423,    405,    259
 2.9810,-15.0387,    410,    256
 2.9820,-23.2570,    405,    259
 2.9830,-16.2472,    410,    256
 2.9840,-16.3339,    410,    256
 2.9850,-18.6533,    405,    259
 2.9860,-17.4070,    410,    256
 2.9870,-17.7129,    410,    256
 2.9880,-17.7402,    410,    256
 2.9890,-17.1995,    410,    256
 2.9900,-16.8991,    410,    256
 2.9910,-16.5494,    410,    256
 2.9920,-16.3982,    410,    256
 2.9930,-16.0417,    410,    256
 2.9940,-15.5624,    410,    256
 2.9950,-15.0593,    410,    256
 2.9960,-17.3952,    405,    256
 2.9970,-16.8022,    405,    256
 2.9980,-17.1758,    405,    256
 2.9990,-16.7587,    405,    256
 3.0000,-16.6022,    405,    256
 3.0010,-16.2612,    405,    256
 3.0020,-15.7409,    405,    256
 3.0030,-15.2851,    405,    256
 3.0040,-14.6686,    405,    256
 3.0050,-14.3961,    400,    259
 3.0060,-13.4681,    400,    262
 3.0070,-13.3337,    405,    256
 3.0080,-12.9638,    400,    259
 3.0090,-12.4734,    400,    259
 3.0100,-12.2966,    405,    256
 3.0110,-11.7649,    400,    256
 3.0120,-12.2579,    400,    256
 3.0130,-11.4044,    400,    256
 3.0140,-12.5977,    400,    256
 3.0150,-16.5142,    400,    256
 3.0160,-17.9200,    400,    256
 3.0170,-14.5462,    400,    256
 3.0180,-13.9997,    400,    256
 3.0190,-15.2943,    400,    256
 3.0200,-14.6450,    400,    256
 3.0210,-19.1341,    400,    256
 3.0220,-15.8976,    400,    256
 3.0230,-15.5584,    400,    256
 3.0240,-15.2371,    400,    256
 3.0250,-15.3736,    400,    256
 3.0260,-16.0533,    400,    256
 3.0270,-15.2611,    400,    256
 3.0280,-14.7058,    400,    256
 3.0290,-14.7190,    400,    256
 3.0300,-14.1527,    400,    256
 3.0310,-13.5032,    400,    256
 3.0320,-13.3220,    400,    256
 3.0330,-13.0031,    400,    256
 3.0340,-12.4970,    400,    256
 3.0350,-12.4882,    400,    256
 3.0360,-11.7945,    400,    256
 3.0370,-11.4211,    400,    256
 3.0380,-10.6085,    400,    256
 3.0390,-10.3260,    400,    256
 3.0400,-10.0165,    400,    256
 3.0410,-9.9126,    400,    256
 3.0420,-9.3160,    400,    256
 3.0430,-9.3665,    400,    256
 3.0440,-9.0880,      0,      0
 3.0450,-9.1866,      0,      0
 3.0460,-9.1383,      0,      0
 3.0470,-9.1032,      0,      0
 3.0480,-9.4025,      0,      0
 3.0490,-9.5933,      0,      0
 3.0500,-9.0888,      0,      0
 3.0510,-9.2492,      0,      0
 3.0520,-9.0539,      0,      0
 3.0530,-9.0751,      0,      0
 3.0540,-8.8907,      0,      0
 3.0550,-9.2497,      0,      0
 3.0560,-9.2232,      0,      0
 3.0570,-9.2816,      0,      0
 3.0580,-9.2219,      0,      0
 3.0590,-8.9804,      0,      0
 3.0600,-9.2056,      0,      0
 3.0610,-9.2038,      0,      0
 3.0620,-9.0373,      0,      0
 3.0630,-9.1842,      0,      0
 3.0640,-9.2343,      0,      0
 3.0650,-9.0175,      0,      0
 3.0660,-9.1565,      0,      0
 3.0670,-9.2128,      0,      0
 3.0680,-9.2164,      0,      0
 3.0690,-9.0631,      0,      0
 3.0700,-8.9435,      0,      0
 3.0710,-9.0618,      0,      0
 3.0720,-9.2000,      0,      0
 3.0730,-9.0618,      0,      0
 3.0740,-9.1893,      0,      0
 3.0750,-9.2411,      0,      0
 3.0760,-9.2543,      0,      0
 3.0770,-9.2527,      0,      0
 3.0780,-9.2349,      0,      0
 3.0790,-9.2482,      0,      0
 3.0800,-9.2440,      0,      0
 3.0810,-9.2240,      0,      0
 3.0820,-9.2593,      0,      0
 3.0830,-9.2524,      0,      0
 3.0840,-9.2234,      0,      0
 3.0850,-9.2165,      0,      0
 3.0860,-9.2460,      0,      0
 3.0870,-9.0884,      0,      0
 3.0880,-8.8375,      0,      0
 3.0890,-9.0895,      0,      0
 3.0900,-8.8207,      0,      0
 3.0910,-9.0734,      0,      0
 3.0920,-8.8762,      0,      0
 3.0930,-8.9835,      0,      0
 3.0940,-9.2789,      0,      0
 3.0950,-8.8674,      0,      0
 3.0960,-8.9762,      0,      0
 3.0970,-9.3408,      0,      0
 3.0980,-8.8641,      0,      0
 3.0990,-9.0812,      0,      0
 3.1000,-8.8856,      0,      0
 3.1010,-9.4003,      0,      0
 3.1020,-8.7021,      0,      0
 3.1030,-9.3177,      0,      0
 3.1040,-8.7767,      0,      0
 3.1050,-8.8518,      0,      0
 3.1060,-8.7238,      0,      0
 3.1070,-9.2245,      0,      0
 3.1080,-8.7655,      0,      0
 3.1090,-9.1989,      0,      0
 3.1100,-9.1941,      0,      0
 3.1110,-8.7276,      0,      0
 3.1120,-9.1375,      0,      0
 3.1130,-9.1409,      0,      0
 3.1140,-8.7089,      0,      0
 3.1150,-8.7026,      0,      0
 3.1160,-9.1282,      0,      0
 3.1170,-9.2918,      0,      0
 3.1180,-9.1322,      0,      0
 3.1190,-8.7212,      0,      0
 3.1200,-8.9761,      0,      0
 3.1210,-9.2359,      0,      0
 3.1220,-9.2649,      0,      0
 3.1230,-8.9851,      0,      0
 3.1240,-8.9855,      0,      0
 3.1250,-8.9246,      0,      0
 3.1260,-8.9594,      0,      0
 3.1270,-8.9643,      0,      0
 3.1280,-8.9557,      0,      0
 3.1290,-9.0691,      0,      0
 3.1300,-9.1077,      0,      0
 3.1310,-9.1006,      0,      0
 3.1320,-9.0916,      0,      0
 3.1330,-8.9500,      0,      0
 3.1340,-8.9912,      0,      0
 3.1350,-9.0753,      0,      0
 3.1360,-8.9285,      0,      0
 3.1370,-9.2557,      0,      0
 3.1380,-9.1745,      0,      0
 3.1390,-8.9592,      0,      0
 3.1400,-9.3179,      0,      0
 3.1410,-9.1575,      0,      0
 3.1420,-8.8122,      0,      0
 3.1430,-9.1573,      0,      0
 3.1440,-9.2655,      0,      0
 3.1450,-8.7956,      0,      0
 3.1460,-9.1589,      0,      0
 3.1470,-9.1595,      0,      0
 3.1480,-9.0085,      0,      0
 3.1490,-9.0633,      0,      0
 3.1500,-9.1583,      0,      0
 3.1510,-9.0975,      0,      0
 3.1520,-9.3188,      0,      0
 3.1530,-9.1802,      0,      0
 3.1540,-9.4797,      0,      0
 3.1550,-9.2815,      0,      0
 3.1560,-9.0946,      0,      0
 3.1570,-8.9947,      0,      0
 3.1580,-9.4436,      0,      0
 3.1590,-8.9037,      0,      0
 3.1600,-9.1322,      0,      0
 3.1610,-8.9990,      0,      0
 3.1620,-9.2513,      0,      0
 3.1630,-9.3055,      0,      0
 3.1640,-8.9165,      0,      0
 3.1650,-9.1453,      0,      0
 3.1660,-9.1738,      0,      0
 3.1670,-8.7986,      0,      0
 3.1680,-9.0445,      0,      0
 3.1690,-9.4046,      0,      0
 3.1700,-9.4264,      0,      0
 3.1710,-9.0136,      0,      0
 3.1720,-9.0337,      0,      0
 3.1730,-8.8650,      0,      0
 3.1740,-8.5368,      0,      0
 3.1750,-8.9529,      0,      0
 3.1760,-8.9454,      0,      0
 3.1770,-9.0050,      0,      0
 3.1780,-8.5594,      0,      0
 3.1790,-8.9333,      0,      0
 3.1800,-8.5671,      0,      0
 3.1810,-9.1647,      0,      0
 3.1820,-9.0707,      0,      0
 3.1830,-9.1613,      0,      0
 3.1840,-9.1010,      0,      0
 3.1850,-8.9780,      0,      0
 3.1860,-9.1762,      0,      0
 3.1870,-9.0942,      0,      0
 3.1880,-8.9303,      0,      0
 3.1890,-9.1967,      0,      0
 3.1900,-8.4885,      0,      0
 3.1910,-9.0828,      0,      0
 3.1920,-9.0658,      0,      0
 3.1930,-9.1079,      0,      0
 3.1940,-9.0764,      0,      0
 3.1950,-9.0770,      0,      0
 3.1960,-9.2130,      0,      0
 3.1970,-9.1726,      0,      0
 3.1980,-9.0855,      0,      0
 3.1990,-9.3455,      0,      0
 3.2000,-9.1900,      0,      0
