settings:
	vvarac: start=-3.5 stop=4.9 spacing=0.10
	vbias: start=-2.5 stop=0.0 spacing=0.10

freq(MHz)	 peak-voltage(mV)	 vvarac(V)	 vbias(V)
   1.00,   0.36,   4.80,  -1.70
   1.01,   0.35,   4.70,  -0.10
   1.02,   0.36,   4.80,  -0.20
   1.03,   0.38,   4.80,  -1.00
   1.04,   0.42,   4.80,  -0.30
   1.05,   0.41,   4.80,  -0.20
   1.06,   0.44,   4.80,  -0.30
   1.07,   0.45,   4.80,  -0.50
   1.08,   0.46,   4.80,  -0.10
   1.09,   0.49,   4.80,  -0.10
   1.10,   0.51,   4.80,  -0.60
   1.11,   0.52,   4.80,  -0.10
   1.12,   0.54,   4.80,  -0.10
   1.13,   0.59,   4.80,  -0.20
   1.14,   0.59,   4.80,  -0.70
   1.15,   0.62,   4.80,  -0.10
   1.16,   0.66,   4.80,  -0.10
   1.17,   0.69,   4.80,  -0.50
   1.18,   0.72,   4.80,  -0.30
   1.19,   0.74,   4.80,  -0.20
   1.20,   0.79,   4.80,  -0.20
   1.21,   0.86,   4.80,  -0.20
   1.22,   0.89,   4.80,  -0.20
   1.23,   0.91,   4.80,  -0.50
   1.24,   0.99,   4.80,  -0.20
   1.25,   1.08,   4.80,  -0.10
   1.26,   1.08,   4.80,  -0.10
   1.27,   1.16,   4.80,  -0.30
   1.28,   1.25,   4.80,  -0.10
   1.29,   1.36,   4.80,  -0.10
   1.30,   1.44,   4.80,  -0.10
   1.31,   1.52,   4.80,  -0.10
   1.32,   1.67,   4.80,  -0.10
   1.33,   1.79,   4.80,  -0.10
   1.34,   1.94,   4.80,  -0.20
   1.35,   2.10,   4.80,  -0.10
   1.36,   2.30,   4.80,  -0.10
   1.37,   2.52,   4.80,  -0.10
   1.38,   2.77,   4.80,  -0.10
   1.39,   3.12,   4.80,  -0.10
   1.40,   3.46,   4.80,  -0.10
   1.41,   3.90,   4.80,  -0.10
   1.42,   4.43,   4.80,  -0.10
   1.43,   5.11,   4.80,  -0.10
   1.44,   5.78,   4.80,  -0.10
   1.45,   6.61,   4.80,  -0.10
   1.46,   7.47,   4.80,  -0.10
   1.47,   8.17,   4.80,  -0.10
   1.48,   8.54,   4.80,  -0.20
   1.49,   9.00,   4.80,  -0.50
   1.50,   9.42,   4.80,  -0.80
   1.51,   9.77,   4.80,  -1.00
   1.52,  10.14,   4.80,  -1.20
   1.53,  10.63,   4.80,  -1.30
   1.54,  10.89,   4.80,  -1.50
   1.55,  11.17,   4.80,  -1.60
   1.56,  11.61,   4.80,  -1.80
   1.57,  11.97,   4.80,  -1.90
   1.58,  12.17,   4.80,  -2.10
   1.59,  12.50,   4.80,  -2.20
   1.60,  12.65,   4.70,  -1.80
   1.61,  13.00,   4.70,  -1.80
   1.62,  13.21,   4.70,  -2.00
   1.63,  13.67,   4.70,  -2.20
   1.64,  13.88,   4.60,  -1.70
   1.65,  14.17,   4.60,  -1.90
   1.66,  14.54,   4.60,  -2.10
   1.67,  14.84,   4.60,  -2.30
   1.68,  15.19,   4.50,  -1.90
   1.69,  15.53,   4.50,  -2.00
   1.70,  15.84,   4.50,  -2.20
   1.71,  16.22,   4.40,  -1.80
   1.72,  16.46,   4.40,  -2.00
   1.73,  16.94,   4.40,  -2.20
   1.74,  17.20,   4.30,  -1.70
   1.75,  17.62,   4.30,  -1.90
   1.76,  17.97,   4.30,  -2.20
   1.77,  18.24,   4.20,  -1.80
   1.78,  18.66,   4.20,  -2.00
   1.79,  18.98,   4.20,  -2.20
   1.80,  19.44,   4.10,  -1.80
   1.81,  19.78,   4.10,  -2.00
   1.82,  20.03,   4.10,  -2.20
   1.83,  20.49,   4.00,  -1.90
   1.84,  20.82,   4.00,  -2.20
   1.85,  21.24,   3.90,  -1.80
   1.86,  21.62,   3.90,  -2.10
   1.87,  21.95,   3.90,  -2.30
   1.88,  22.44,   3.80,  -1.90
   1.89,  22.95,   3.80,  -2.10
   1.90,  23.27,   3.70,  -1.80
   1.91,  23.82,   3.70,  -2.00
   1.92,  24.10,   3.70,  -2.20
   1.93,  24.43,   3.60,  -1.90
   1.94,  24.87,   3.60,  -2.20
   1.95,  25.35,   3.50,  -2.00
   1.96,  25.82,   3.50,  -2.10
   1.97,  26.17,   3.50,  -2.50
   1.98,  26.54,   3.40,  -2.10
   1.99,  26.93,   3.30,  -1.80
   2.00,  27.40,   3.30,  -2.00
   2.01,  27.73,   3.30,  -2.40
   2.02,  28.24,   3.20,  -2.00
   2.03,  28.62,   3.20,  -2.30
   2.04,  29.06,   3.10,  -2.00
   2.05,  29.50,   3.10,  -2.30
   2.06,  29.96,   3.00,  -2.00
   2.07,  30.31,   3.00,  -2.30
   2.08,  30.94,   2.90,  -2.00
   2.09,  31.24,   2.80,  -1.80
   2.10,  31.79,   2.80,  -2.00
   2.11,  32.11,   2.70,  -1.80
   2.12,  32.74,   2.70,  -2.10
   2.13,  33.01,   2.70,  -2.30
   2.14,  33.49,   2.60,  -2.10
   2.15,  34.05,   2.50,  -1.90
   2.16,  34.53,   2.50,  -2.10
   2.17,  34.90,   2.40,  -1.90
   2.18,  35.56,   2.40,  -2.20
   2.19,  35.79,   2.30,  -2.00
   2.20,  36.23,   2.30,  -2.30
   2.21,  36.62,   2.20,  -2.00
   2.22,  37.06,   2.20,  -2.30
   2.23,  37.71,   2.10,  -2.10
   2.24,  37.88,   2.00,  -1.90
   2.25,  38.46,   2.00,  -2.20
   2.26,  38.93,   1.90,  -2.00
   2.27,  39.42,   1.90,  -2.20
   2.28,  39.91,   1.80,  -2.00
   2.29,  40.20,   1.80,  -2.30
   2.30,  40.69,   1.70,  -2.00
   2.31,  41.22,   1.60,  -1.90
   2.32,  41.72,   1.60,  -2.10
   2.33,  42.27,   1.50,  -2.00
   2.34,  42.49,   1.50,  -2.20
   2.35,  43.02,   1.40,  -2.00
   2.36,  43.32,   1.30,  -1.80
   2.37,  44.16,   1.30,  -2.10
   2.38,  44.20,   1.20,  -2.00
   2.39,  44.66,   1.20,  -2.10
   2.40,  45.26,   1.10,  -2.00
   2.41,  45.54,   1.10,  -2.20
   2.42,  46.06,   1.00,  -2.00
   2.43,  46.36,   0.90,  -2.00
   2.44,  47.01,   0.90,  -2.10
   2.45,  47.19,   0.80,  -2.00
   2.46,  47.75,   0.80,  -2.30
   2.47,  48.16,   0.70,  -2.10
   2.48,  48.44,   0.60,  -1.90
   2.49,  49.05,   0.60,  -2.20
   2.50,  49.39,   0.50,  -2.00
   2.51,  50.01,   0.50,  -2.20
   2.52,  50.23,   0.40,  -2.00
   2.53,  50.47,   0.40,  -2.40
   2.54,  50.88,   0.30,  -2.30
   2.55,  51.67,   0.20,  -2.00
   2.56,  51.76,   0.20,  -2.20
   2.57,  52.16,   0.10,  -2.10
   2.58,  52.46,   0.10,  -2.20
   2.59,  52.91,   0.00,  -2.20
   2.60,  53.55,  -0.10,  -2.00
   2.61,  53.92,  -0.10,  -2.20
   2.62,  54.35,  -0.20,  -2.00
   2.63,  54.95,  -0.20,  -2.30
   2.64,  55.07,  -0.30,  -2.10
   2.65,  55.49,  -0.40,  -1.90
   2.66,  56.26,  -0.40,  -2.20
   2.67,  56.58,  -0.50,  -2.00
   2.68,  56.95,  -0.50,  -2.20
   2.69,  57.33,  -0.60,  -2.00
   2.70,  57.52,  -0.60,  -2.40
   2.71,  58.08,  -0.70,  -2.20
   2.72,  58.53,  -0.80,  -2.00
   2.73,  59.00,  -0.80,  -2.20
   2.74,  59.42,  -0.90,  -2.00
   2.75,  59.72,  -0.90,  -2.20
   2.76,  60.24,  -1.00,  -2.00
   2.77,  60.38,  -1.10,  -1.90
   2.78,  60.94,  -1.10,  -2.10
   2.79,  61.30,  -1.20,  -1.90
   2.80,  61.72,  -1.20,  -2.10
   2.81,  62.01,  -1.30,  -2.00
   2.82,  62.51,  -1.30,  -2.20
   2.83,  62.96,  -1.40,  -2.00
   2.84,  63.22,  -1.40,  -2.30
   2.85,  63.66,  -1.50,  -2.10
   2.86,  63.88,  -1.50,  -2.40
   2.87,  64.45,  -1.60,  -2.10
   2.88,  64.46,  -1.60,  -2.40
   2.89,  65.10,  -1.70,  -2.10
   2.90,  65.30,  -1.80,  -2.00
   2.91,  65.84,  -1.80,  -2.10
   2.92,  66.11,  -1.90,  -2.00
   2.93,  66.81,  -1.90,  -2.20
   2.94,  67.15,  -2.00,  -2.00
   2.95,  67.20,  -2.00,  -2.30
   2.96,  67.74,  -2.10,  -2.10
   2.97,  67.95,  -2.10,  -2.30
   2.98,  68.39,  -2.20,  -2.10
   2.99,  68.47,  -2.20,  -2.30
   3.00,  69.13,  -2.30,  -2.10
