search settings:
	Cpar Precision = 2
	Cser Precision = 2
	Acq. Frequency Start = 1.500 MHz
	Acq. Frequency Stop = 2.300 MHz
	Acq. Frequency Spacing = 0.001 MHz
	S11 Optimization Frequency Start = 1.60 MHz
	S11 Optimization Frequency Stop = 2.20 MHz
	Cpar seed = 524 (207.0 pF)
	Cser seed = 225 (114.0 pF)

freq(MHz)	 S11(dB)	 Cpar(digit)	 Cser(digit)
 1.5000,-33.7854,    500,    231
 1.5010,-28.9523,    500,    223
 1.5020,-39.2419,    500,    233
 1.5030,-33.5563,    496,    235
 1.5040,-43.3488,    492,    235
 1.5050,-30.0786,    500,    229
 1.5060,-35.4415,    490,    235
 1.5070,-36.2492,    492,    231
 1.5080,-42.5904,    496,    233
 1.5090,-33.1896,    492,    233
 1.5100,-37.3016,    490,    233
 1.5110,-36.6781,    524,    223
 1.5120,-37.3050,    522,    223
 1.5130,-40.8733,    488,    231
 1.5140,-31.0558,    488,    223
 1.5150,-34.5930,    488,    233
 1.5160,-37.6142,    484,    231
 1.5170,-38.7395,    524,    227
 1.5180,-44.4697,    478,    219
 1.5190,-30.2916,    488,    227
 1.5200,-32.4061,    488,    227
 1.5210,-36.8415,    484,    229
 1.5220,-39.7961,    524,    225
 1.5230,-46.8908,    518,    219
 1.5240,-34.0125,    482,    227
 1.5250,-33.2095,    482,    219
 1.5260,-37.2724,    476,    215
 1.5270,-37.3020,    480,    229
 1.5280,-42.2901,    518,    217
 1.5290,-49.9258,    480,    227
 1.5300,-30.6898,    470,    215
 1.5310,-41.0758,    516,    215
 1.5320,-39.9027,    472,    215
 1.5330,-45.1765,    516,    217
 1.5340,-40.4522,    480,    225
 1.5350,-34.3992,    468,    215
 1.5360,-33.7154,    470,    213
 1.5370,-36.6683,    472,    213
 1.5380,-34.8169,    462,    215
 1.5390,-35.8227,    472,    211
 1.5400,-34.3096,    468,    213
 1.5410,-31.6895,    468,    213
 1.5420,-40.0590,    468,    211
 1.5430,-40.3096,    462,    213
 1.5440,-40.9136,    466,    211
 1.5450,-31.6677,    462,    211
 1.5460,-29.9357,    458,    217
 1.5470,-40.6750,    464,    213
 1.5480,-34.3195,    464,    207
 1.5490,-37.7527,    464,    211
 1.5500,-39.0674,    446,    219
 1.5510,-39.4767,    458,    211
 1.5520,-29.9310,    454,    213
 1.5530,-39.4800,    446,    215
 1.5540,-39.0402,    464,    209
 1.5550,-47.8407,    446,    217
 1.5560,-38.8980,    456,    211
 1.5570,-31.3203,    442,    219
 1.5580,-48.9746,    444,    215
 1.5590,-37.5450,    452,    207
 1.5600,-47.6195,    442,    215
 1.5610,-37.2034,    450,    207
 1.5620,-40.2650,    442,    217
 1.5630,-39.0944,    438,    215
 1.5640,-36.0111,    452,    205
 1.5650,-41.4983,    440,    215
 1.5660,-39.7219,    450,    205
 1.5670,-35.5141,    440,    217
 1.5680,-35.1639,    436,    215
 1.5690,-33.2823,    438,    213
 1.5700,-38.9717,    440,    213
 1.5710,-43.3823,    448,    205
 1.5720,-37.2374,    440,    211
 1.5730,-37.1168,    448,    203
 1.5740,-35.1806,    436,    213
 1.5750,-32.8462,    436,    211
 1.5760,-39.1025,    430,    213
 1.5770,-34.0557,    434,    211
 1.5780,-43.5167,    430,    211
 1.5790,-28.2093,    448,    201
 1.5800,-29.3795,    426,    217
 1.5810,-35.1708,    432,    213
 1.5820,-35.8577,    432,    207
 1.5830,-40.1104,    428,    211
 1.5840,-30.7163,    430,    209
 1.5850,-38.6371,    426,    211
 1.5860,-28.8245,    422,    213
 1.5870,-33.6728,    422,    213
 1.5880,-55.3898,    432,    209
 1.5890,-37.6730,    428,    209
 1.5900,-35.5054,    424,    207
 1.5910,-36.3175,    426,    209
 1.5920,-31.8371,    420,    213
 1.5930,-40.1535,    420,    207
 1.5940,-37.6685,    422,    209
 1.5950,-36.2680,    418,    207
 1.5960,-46.5943,    424,    209
 1.5970,-33.5297,    414,    203
 1.5980,-30.5076,    414,    203
 1.5990,-36.8332,    420,    205
 1.6000,-34.3392,    420,    209
 1.6010,-40.8466,    414,    199
 1.6020,-36.0611,    418,    209
 1.6030,-51.9087,    414,    201
 1.6040,-28.1115,    410,    203
 1.6050,-30.5655,    410,    203
 1.6060,-37.6083,    412,    199
 1.6070,-35.9300,    416,    209
 1.6080,-40.4690,    410,    199
 1.6090,-32.1834,    412,    201
 1.6100,-36.9610,    382,    207
 1.6110,-31.3243,    410,    201
 1.6120,-39.1314,    412,    197
 1.6130,-29.8867,    412,    197
 1.6140,-41.2322,    408,    199
 1.6150,-29.7687,    410,    197
 1.6160,-45.0799,    382,    205
 1.6170,-35.3719,    382,    209
 1.6180,-43.8978,    406,    197
 1.6190,-28.9277,    402,    199
 1.6200,-42.7149,    408,    197
 1.6210,-32.0415,    380,    205
 1.6220,-36.4215,    380,    205
 1.6230,-31.1840,    404,    197
 1.6240,-41.0603,    378,    205
 1.6250,-30.9979,    402,    197
 1.6260,-45.8620,    378,    203
 1.6270,-33.1187,    374,    205
 1.6280,-36.7483,    402,    195
 1.6290,-34.6800,    374,    203
 1.6300,-34.0447,    374,    203
 1.6310,-35.8487,    376,    203
 1.6320,-39.8087,    396,    197
 1.6330,-33.8660,    372,    205
 1.6340,-39.8111,    396,    195
 1.6350,-38.6349,    372,    203
 1.6360,-35.9962,    394,    195
 1.6370,-34.1864,    370,    203
 1.6380,-37.3681,    376,    201
 1.6390,-43.6443,    372,    199
 1.6400,-38.3691,    400,    193
 1.6410,-36.1621,    370,    199
 1.6420,-37.4671,    392,    195
 1.6430,-36.9380,    366,    199
 1.6440,-36.5692,    370,    201
 1.6450,-31.7968,    364,    203
 1.6460,-39.2440,    366,    201
 1.6470,-46.7824,    368,    199
 1.6480,-34.2012,    392,    193
 1.6490,-45.0655,    364,    199
 1.6500,-32.2911,    368,    201
 1.6510,-32.3923,    364,    201
 1.6520,-40.1700,    388,    193
 1.6530,-33.1194,    368,    197
 1.6540,-40.8311,    362,    201
 1.6550,-36.9428,    358,    199
 1.6560,-32.1433,    364,    197
 1.6570,-32.2831,    360,    199
 1.6580,-38.2105,    362,    197
 1.6590,-27.1408,    360,    201
 1.6600,-36.6669,    360,    201
 1.6610,-35.1944,    356,    199
 1.6620,-35.3008,    358,    197
 1.6630,-29.4356,    354,    199
 1.6640,-45.5897,    360,    197
 1.6650,-27.1233,    360,    197
 1.6660,-36.6214,    360,    195
 1.6670,-31.6796,    356,    197
 1.6680,-37.2368,    356,    197
 1.6690,-31.5219,    350,    193
 1.6700,-42.7673,    354,    197
 1.6710,-29.4449,    354,    197
 1.6720,-35.0378,    354,    195
 1.6730,-32.4614,    354,    195
 1.6740,-28.5139,    348,    193
 1.6750,-32.2746,    348,    193
 1.6760,-35.4817,    352,    197
 1.6770,-32.7170,    346,    193
 1.6780,-32.0009,    352,    195
 1.6790,-34.5659,    352,    195
 1.6800,-26.4490,    344,    191
 1.6810,-31.0919,    342,    193
 1.6820,-25.4446,    342,    193
 1.6830,-29.8280,    340,    191
 1.6840,-27.3665,    340,    191
 1.6850,-36.7342,    352,    193
 1.6860,-30.7152,    338,    191
 1.6870,-27.7894,    340,    193
 1.6880,-31.4368,    334,    191
 1.6890,-25.6994,    338,    193
 1.6900,-26.7747,    338,    193
 1.6910,-25.2179,    336,    191
 1.6920,-34.9803,    336,    191
 1.6930,-28.3712,    336,    191
 1.6940,-31.9463,    332,    191
 1.6950,-30.6257,    332,    191
 1.6960,-27.3309,    330,    191
 1.6970,-35.5659,    330,    191
 1.6980,-26.2170,    330,    191
 1.6990,-30.2909,    336,    189
 1.7000,-26.5283,    326,    191
 1.7010,-59.5682,    326,    191
 1.7020,-27.9357,    332,    189
 1.7030,-31.1440,    328,    191
 1.7040,-35.5332,    328,    191
 1.7050,-26.8228,    318,    195
 1.7060,-30.2099,    330,    187
 1.7070,-30.6525,    324,    191
 1.7080,-36.9763,    324,    191
 1.7090,-25.7481,    326,    189
 1.7100,-35.7220,    322,    191
 1.7110,-34.9248,    318,    193
 1.7120,-27.4062,    318,    193
 1.7130,-33.1977,    328,    187
 1.7140,-30.3927,    324,    189
 1.7150,-37.4868,    324,    189
 1.7160,-28.1672,    314,    191
 1.7170,-35.3940,    324,    187
 1.7180,-32.5977,    316,    193
 1.7190,-29.1935,    322,    187
 1.7200,-33.4091,    322,    187
 1.7210,-30.0627,    254,    191
 1.7220,-27.9699,    254,    191
 1.7230,-30.0940,    312,    191
 1.7240,-40.5080,    320,    189
 1.7250,-29.3727,    320,    189
 1.7260,-31.9116,    320,    187
 1.7270,-34.3731,    320,    187
 1.7280,-31.2475,    252,    191
 1.7290,-27.9153,    306,    191
 1.7300,-31.3604,    306,    191
 1.7310,-33.1684,    250,    191
 1.7320,-32.9022,    302,    191
 1.7330,-29.0274,    320,    185
 1.7340,-32.2433,    320,    185
 1.7350,-27.8898,    252,    189
 1.7360,-32.9998,    246,    191
 1.7370,-34.9540,    304,    191
 1.7380,-32.4294,    248,    191
 1.7390,-34.5541,    300,    191
 1.7400,-29.2032,    300,    191
 1.7410,-28.8171,    298,    191
 1.7420,-37.2298,    298,    191
 1.7430,-40.3013,    244,    191
 1.7440,-32.2598,    246,    189
 1.7450,-36.0756,    238,    191
 1.7460,-39.2041,    242,    191
 1.7470,-31.5624,    300,    189
 1.7480,-27.0888,    248,    187
 1.7490,-45.5545,    296,    191
 1.7500,-29.8762,    244,    189
 1.7510,-33.5414,    244,    189
 1.7520,-40.3620,    236,    191
 1.7530,-39.6517,    240,    191
 1.7540,-34.6348,    292,    191
 1.7550,-34.5881,    234,    191
 1.7560,-39.4211,    290,    191
 1.7570,-36.0457,    286,    187
 1.7580,-27.4889,    286,    187
 1.7590,-31.0291,    296,    187
 1.7600,-36.5682,    236,    189
 1.7610,-38.5280,    292,    189
 1.7620,-35.5901,    286,    183
 1.7630,-37.7835,    234,    189
 1.7640,-38.3149,    290,    189
 1.7650,-34.2639,    286,    185
 1.7660,-31.9625,    290,    187
 1.7670,-30.8455,    282,    187
 1.7680,-33.1910,    228,    191
 1.7690,-58.7028,    230,    189
 1.7700,-40.9832,    232,    189
 1.7710,-37.6732,    288,    189
 1.7720,-41.5206,    282,    183
 1.7730,-33.3494,    232,    187
 1.7740,-34.8522,    288,    187
 1.7750,-35.0377,    282,    185
 1.7760,-47.2512,    228,    189
 1.7770,-37.6411,    284,    181
 1.7780,-31.3883,    228,    187
 1.7790,-37.2369,    226,    189
 1.7800,-33.8489,    282,    181
 1.7810,-29.1864,    226,    187
 1.7820,-48.1292,    226,    187
 1.7830,-31.6466,    222,    181
 1.7840,-38.9923,    278,    181
 1.7850,-35.1272,    222,    179
 1.7860,-31.8040,    224,    189
 1.7870,-39.0385,    280,    181
 1.7880,-31.4207,    280,    181
 1.7890,-40.2151,    224,    187
 1.7900,-38.4972,    220,    181
 1.7910,-32.8676,    214,    183
 1.7920,-50.6209,    276,    181
 1.7930,-44.7010,    218,    181
 1.7940,-32.0183,    276,    179
 1.7950,-39.1504,    274,    181
 1.7960,-31.9965,    218,    179
 1.7970,-36.3885,    270,    181
 1.7980,-32.3401,    270,    181
 1.7990,-41.6655,    214,    181
 1.8000,-37.7568,    270,    179
 1.8010,-31.7281,    216,    181
 1.8020,-39.5947,    214,    179
 1.8030,-43.2389,    216,    179
 1.8040,-32.1198,    272,    175
 1.8050,-40.4248,    272,    179
 1.8060,-30.6590,    268,    181
 1.8070,-34.0982,    212,    181
 1.8080,-42.2797,    268,    179
 1.8090,-37.3193,    206,    181
 1.8100,-36.3946,    210,    181
 1.8110,-40.1640,    266,    179
 1.8120,-35.3957,    206,    179
 1.8130,-38.2016,    262,    181
 1.8140,-31.1923,    262,    175
 1.8150,-33.4020,    262,    175
 1.8160,-37.0627,    262,    179
 1.8170,-34.0415,    212,    177
 1.8180,-35.9533,    204,    175
 1.8190,-39.5204,    208,    175
 1.8200,-38.9396,    190,    187
 1.8210,-34.5316,    210,    177
 1.8220,-33.3866,    202,    175
 1.8230,-35.9720,    260,    175
 1.8240,-36.2799,    262,    177
 1.8250,-36.2635,    190,    183
 1.8260,-35.9786,    258,    175
 1.8270,-39.7387,    264,    177
 1.8280,-45.5541,    198,    175
 1.8290,-35.7481,    198,    179
 1.8300,-32.2159,    200,    179
 1.8310,-39.5792,    202,    177
 1.8320,-43.6084,    260,    177
 1.8330,-35.1844,    188,    183
 1.8340,-42.9156,    256,    175
 1.8350,-40.7063,    258,    177
 1.8360,-43.7855,    196,    175
 1.8370,-36.5290,    196,    179
 1.8380,-38.4744,    182,    187
 1.8390,-39.8542,    184,    187
 1.8400,-34.3112,    186,    185
 1.8410,-34.0701,    194,    179
 1.8420,-29.9830,    256,    173
 1.8430,-37.1745,    182,    183
 1.8440,-33.0383,    184,    183
 1.8450,-33.1677,    184,    183
 1.8460,-36.4187,    182,    185
 1.8470,-32.3919,    192,    175
 1.8480,-38.0037,    184,    185
 1.8490,-45.4108,    194,    177
 1.8500,-29.9638,    194,    177
 1.8510,-38.1401,    180,    183
 1.8520,-32.8813,    180,    183
 1.8530,-33.0283,    184,    181
 1.8540,-39.5655,    174,    183
 1.8550,-41.8502,    178,    183
 1.8560,-34.8626,    192,    173
 1.8570,-40.1777,    174,    185
 1.8580,-37.1508,    178,    185
 1.8590,-31.5386,    192,    171
 1.8600,-37.5211,    180,    181
 1.8610,-30.2015,    180,    181
 1.8620,-39.7442,    172,    183
 1.8630,-39.4124,    176,    183
 1.8640,-36.8439,    178,    181
 1.8650,-32.2885,    172,    185
 1.8660,-42.9718,    170,    183
 1.8670,-33.3909,    178,    179
 1.8680,-29.5656,    192,    169
 1.8690,-33.8933,    170,    185
 1.8700,-29.3121,    170,    185
 1.8710,-42.9702,    172,    181
 1.8720,-34.7671,    176,    181
 1.8730,-34.1765,    176,    181
 1.8740,-35.6069,    176,    175
 1.8750,-37.4901,    170,    181
 1.8760,-37.8859,    178,    177
 1.8770,-33.7965,    170,    175
 1.8780,-37.6673,    170,    179
 1.8790,-32.4582,    170,    179
 1.8800,-24.6183,    170,    179
 1.8810,-26.0374,    164,    183
 1.8820,-29.9393,    166,    181
 1.8830,-31.1503,    172,    177
 1.8840,-36.4094,    166,    175
 1.8850,-41.9055,    176,    177
 1.8860,-45.2742,    168,    175
 1.8870,-34.7727,    170,    177
 1.8880,-36.2177,    170,    177
 1.8890,-27.1024,    170,    171
 1.8900,-28.1514,    170,    171
 1.8910,-29.6491,    164,    181
 1.8920,-27.7091,    164,    175
 1.8930,-46.1945,    164,    175
 1.8940,-32.2437,    164,    179
 1.8950,-46.8214,    166,    177
 1.8960,-36.9006,    168,    177
 1.8970,-43.2500,    162,    175
 1.8980,-34.2760,    158,    171
 1.8990,-30.6557,    158,    171
 1.9000,-24.6186,    168,    171
 1.9010,-24.4424,    164,    173
 1.9020,-32.1239,    164,    173
 1.9030,-34.7827,    164,    173
 1.9040,-41.2819,    164,    177
 1.9050,-30.5252,    158,    167
 1.9060,-42.9271,    160,    175
 1.9070,-34.0375,    162,    173
 1.9080,-44.7376,    158,    169
 1.9090,-28.2490,    158,    159
 1.9100,-32.4536,    162,    171
 1.9110,-31.2119,    154,    171
 1.9120,-27.7279,    154,    171
 1.9130,-36.3727,    156,    167
 1.9140,-33.1124,    156,    167
 1.9150,-32.0626,    160,    173
 1.9160,-36.9764,    160,    173
 1.9170,-50.7474,    154,    167
 1.9180,-30.4469,    156,    159
 1.9190,-33.8550,    160,    171
 1.9200,-43.0796,    126,    175
 1.9210,-41.3807,    154,    169
 1.9220,-29.9752,    154,    159
 1.9230,-33.7673,    156,    165
 1.9240,-30.5586,    150,    167
 1.9250,-41.8274,    150,    167
 1.9260,-36.1029,    152,    167
 1.9270,-33.6759,    154,    165
 1.9280,-32.0374,    150,    169
 1.9290,-39.6687,    124,    175
 1.9300,-35.5707,    152,    169
 1.9310,-39.4605,    126,    177
 1.9320,-28.1490,    122,    175
 1.9330,-37.0915,    122,    175
 1.9340,-33.5813,    148,    167
 1.9350,-35.4492,    150,    165
 1.9360,-35.5752,    152,    165
 1.9370,-37.3601,    142,    167
 1.9380,-35.3248,    146,    167
 1.9390,-43.6433,    124,    173
 1.9400,-34.0197,    124,    177
 1.9410,-34.1955,    118,    175
 1.9420,-34.0608,    142,    159
 1.9430,-49.5747,    122,    173
 1.9440,-39.9141,    148,    165
 1.9450,-33.3277,    148,    165
 1.9460,-34.3807,    122,    171
 1.9470,-55.7634,    142,    165
 1.9480,-44.6926,    146,    165
 1.9490,-29.9485,    148,    157
 1.9500,-34.0377,    142,    163
 1.9510,-46.3042,    118,    173
 1.9520,-37.3870,    146,    163
 1.9530,-43.3334,    120,    173
 1.9540,-36.5868,    118,    171
 1.9550,-39.6682,    138,    159
 1.9560,-37.6019,    120,    171
 1.9570,-34.2625,    140,    165
 1.9580,-35.0873,    144,    165
 1.9590,-29.6633,    134,    167
 1.9600,-37.8699,    140,    163
 1.9610,-42.7642,    138,    165
 1.9620,-37.0584,    144,    163
 1.9630,-37.1857,    134,    159
 1.9640,-41.9103,    116,    171
 1.9650,-40.0161,    136,    159
 1.9660,-41.8279,    110,    173
 1.9670,-30.5526,    110,    173
 1.9680,-33.9193,    114,    171
 1.9690,-42.7802,    134,    165
 1.9700,-38.7078,    110,    171
 1.9710,-37.8424,    136,    165
 1.9720,-36.3795,    144,    161
 1.9730,-37.8566,    134,    163
 1.9740,-36.2913,    134,    157
 1.9750,-36.4760,    136,    163
 1.9760,-36.5721,    136,    157
 1.9770,-31.7196,    130,    159
 1.9780,-36.9624,    130,    159
 1.9790,-38.0924,    112,    171
 1.9800,-39.0493,    108,    171
 1.9810,-32.3543,    106,    173
 1.9820,-29.9806,    132,    163
 1.9830,-41.7386,    132,    163
 1.9840,-38.7991,    106,    171
 1.9850,-36.5383,    112,    167
 1.9860,-32.9127,    108,    167
 1.9870,-36.9582,    130,    163
 1.9880,-36.4472,    128,    159
 1.9890,-37.7161,    112,    169
 1.9900,-35.1109,    108,    169
 1.9910,-40.3307,    106,    167
 1.9920,-35.4595,    130,    155
 1.9930,-32.3676,    132,    161
 1.9940,-37.9815,    132,    161
 1.9950,-47.3875,    106,    169
 1.9960,-31.5958,    112,    165
 1.9970,-31.8833,    128,    163
 1.9980,-49.2981,    130,    161
 1.9990,-56.7582,    128,    157
 2.0000,-31.8987,    102,    167
 2.0010,-35.8725,    104,    167
 2.0020,-36.1933,    128,    155
 2.0030,-37.3999,    102,    169
 2.0040,-34.9833,    102,    169
 2.0050,-34.1419,    104,    169
 2.0060,-37.0822,    104,    169
 2.0070,-29.6352,     98,    171
 2.0080,-34.3392,    128,    161
 2.0090,-37.6964,    128,    161
 2.0100,-43.7752,    100,    167
 2.0110,-32.2325,     94,    157
 2.0120,-31.5836,    104,    165
 2.0130,-31.3845,     94,    155
 2.0140,-37.7427,     94,    155
 2.0150,-36.4351,     98,    167
 2.0160,-29.0769,    104,    163
 2.0170,-28.8079,    104,    163
 2.0180,-31.0847,     98,    169
 2.0190,-38.1391,     98,    169
 2.0200,-54.9181,     94,    161
 2.0210,-47.0518,    100,    165
 2.0220,-31.7630,    100,    165
 2.0230,-29.8131,     86,    159
 2.0240,-30.2236,     92,    155
 2.0250,-54.1968,     92,    155
 2.0260,-41.1140,     98,    165
 2.0270,-30.5205,     98,    165
 2.0280,-27.8034,     90,    155
 2.0290,-42.5584,     90,    155
 2.0300,-33.1373,     98,    163
 2.0310,-37.7723,     96,    159
 2.0320,-31.3889,     92,    151
 2.0330,-28.4671,     86,    163
 2.0340,-29.6008,     86,    157
 2.0350,-32.3709,     86,    157
 2.0360,-32.6920,     90,    161
 2.0370,-42.6090,     96,    165
 2.0380,-33.7458,     86,    155
 2.0390,-31.5169,     86,    155
 2.0400,-30.8182,     88,    155
 2.0410,-44.5659,     96,    163
 2.0420,-31.5868,     96,    163
 2.0430,-31.9173,     96,    157
 2.0440,-29.2740,     92,    149
 2.0450,-31.4475,     86,    151
 2.0460,-37.1248,     86,    151
 2.0470,-30.3635,     88,    161
 2.0480,-52.3095,     88,    151
 2.0490,-29.0349,     90,    149
 2.0500,-40.1143,     86,    153
 2.0510,-32.3149,     86,    153
 2.0520,-33.7867,     88,    153
 2.0530,-36.3672,     88,    153
 2.0540,-28.5355,     82,    155
 2.0550,-28.5981,     78,    155
 2.0560,-29.8452,     78,    155
 2.0570,-42.4915,     84,    151
 2.0580,-32.5644,     86,    149
 2.0590,-28.1238,     88,    149
 2.0600,-34.9834,     88,    149
 2.0610,-30.7256,     84,    153
 2.0620,-37.6051,     82,    151
 2.0630,-44.1513,     78,    151
 2.0640,-31.0920,     78,    151
 2.0650,-26.4131,     88,    147
 2.0660,-32.4629,     82,    153
 2.0670,-33.0437,     82,    153
 2.0680,-35.6217,     78,    153
 2.0690,-35.3611,     84,    149
 2.0700,-31.8987,     84,    149
 2.0710,-26.8930,     84,    143
 2.0720,-28.2492,     62,    159
 2.0730,-33.8637,     62,    159
 2.0740,-44.8028,     82,    149
 2.0750,-35.9082,     78,    149
 2.0760,-34.1707,     78,    149
 2.0770,-29.2613,     82,    147
 2.0780,-39.1431,     82,    147
 2.0790,-33.2875,     78,    147
 2.0800,-32.8205,     74,    151
 2.0810,-27.4905,     74,    151
 2.0820,-24.5774,     70,    155
 2.0830,-27.9791,     62,    163
 2.0840,-32.0721,     62,    163
 2.0850,-33.5927,     62,    157
 2.0860,-38.8419,     80,    149
 2.0870,-36.6611,     76,    149
 2.0880,-34.5080,     76,    149
 2.0890,-34.5168,     62,    155
 2.0900,-61.2841,     80,    147
 2.0910,-38.4165,     76,    147
 2.0920,-34.9080,     74,    149
 2.0930,-35.0396,     74,    149
 2.0940,-28.5088,     74,    143
 2.0950,-31.5429,     74,    143
 2.0960,-34.1563,     62,    161
 2.0970,-39.7365,     74,    147
 2.0980,-34.2949,     60,    157
 2.0990,-29.2469,     60,    157
 2.1000,-27.1941,     54,    159
 2.1010,-30.0016,     60,    155
 2.1020,-51.7350,     60,    155
 2.1030,-35.4643,     58,    157
 2.1040,-29.7194,     76,    145
 2.1050,-37.6654,     72,    149
 2.1060,-32.8403,     70,    147
 2.1070,-33.6775,     70,    147
 2.1080,-32.4203,     72,    143
 2.1090,-40.9764,     72,    147
 2.1100,-37.8898,     60,    151
 2.1110,-30.4855,     60,    151
 2.1120,-27.6951,     54,    157
 2.1130,-29.7455,     54,    157
 2.1140,-31.0352,     58,    161
 2.1150,-44.4583,     60,    153
 2.1160,-32.5556,     58,    151
 2.1170,-35.9863,     68,    143
 2.1180,-34.6060,     68,    143
 2.1190,-34.9991,     70,    145
 2.1200,-41.5100,     58,    153
 2.1210,-33.4220,     58,    153
 2.1220,-38.3424,     72,    145
 2.1230,-41.1358,     66,    143
 2.1240,-31.7580,     66,    147
 2.1250,-38.1539,     54,    151
 2.1260,-33.9470,     54,    151
 2.1270,-30.3843,     56,    151
 2.1280,-66.8147,     56,    151
 2.1290,-30.9046,     58,    149
 2.1300,-38.2537,     54,    153
 2.1310,-34.4697,     54,    153
 2.1320,-37.2736,     68,    145
 2.1330,-42.3519,     56,    153
 2.1340,-31.2067,     56,    153
 2.1350,-32.0805,     64,    143
 2.1360,-35.8677,     64,    143
 2.1370,-30.8929,     66,    145
 2.1380,-41.7395,     66,    145
 2.1390,-36.1394,     54,    149
 2.1400,-28.9427,     54,    149
 2.1410,-32.8268,     56,    149
 2.1420,-34.2391,     56,    149
 2.1430,-35.9995,     50,    151
 2.1440,-35.1343,     50,    151
 2.1450,-44.4732,     46,    151
 2.1460,-30.6027,     56,    147
 2.1470,-26.9416,     56,    147
 2.1480,-30.7551,     50,    153
 2.1490,-39.3398,     64,    141
 2.1500,-36.3913,     46,    153
 2.1510,-32.8326,     64,    145
 2.1520,-44.9672,     52,    149
 2.1530,-31.3304,     52,    149
 2.1540,-32.0791,     64,    139
 2.1550,-28.4719,     64,    139
 2.1560,-33.3526,     52,    147
 2.1570,-39.6544,     50,    149
 2.1580,-35.9259,     50,    149
 2.1590,-36.0240,     46,    149
 2.1600,-29.2359,     50,    143
 2.1610,-33.3403,     50,    147
 2.1620,-37.0083,     50,    147
 2.1630,-34.5244,     46,    147
 2.1640,-32.4936,     46,    147
 2.1650,-27.1413,     42,    151
 2.1660,-24.2955,     38,    155
 2.1670,-28.2033,     64,    137
 2.1680,-29.3322,     64,    137
 2.1690,-28.7763,     42,    153
 2.1700,-32.1894,     48,    149
 2.1710,-40.2093,     48,    149
 2.1720,-40.1397,     44,    149
 2.1730,-37.7796,     44,    149
 2.1740,-27.9325,     44,    149
 2.1750,-35.1940,     48,    147
 2.1760,-34.3060,     48,    147
 2.1770,-29.5398,     38,    151
 2.1780,-24.2956,     44,    147
 2.1790,-26.4114,     64,    131
 2.1800,-24.7712,     40,    151
 2.1810,-34.0885,     42,    143
 2.1820,-25.3969,     38,    153
 2.1830,-26.5994,     40,    153
 2.1840,-27.1559,     42,    147
 2.1850,-24.6855,     48,    141
 2.1860,-23.3735,     48,    141
 2.1870,-27.7899,     48,    141
 2.1880,-28.7358,     48,    141
 2.1890,-30.5975,     48,    145
 2.1900,-40.5145,     48,    145
 2.1910,-34.4063,     44,    145
 2.1920,-35.0595,     38,    143
 2.1930,-32.7385,     38,    147
 2.1940,-31.5987,     38,    147
 2.1950,-45.0537,     40,    143
 2.1960,-31.1485,     40,    143
 2.1970,-33.5672,     42,    145
 2.1980,-36.7537,     42,    145
 2.1990,-28.2498,     42,    145
 2.2000,-27.0614,     42,    139
 2.2010,-27.1656,     42,    139
 2.2020,-26.0326,     42,    139
 2.2030,-22.9531,     48,    135
 2.2040,-21.3464,     38,    141
 2.2050,-24.7048,     38,    141
 2.2060,-28.4401,     38,    141
 2.2070,-32.4932,     38,    141
 2.2080,-34.5447,     38,    145
 2.2090,-42.8685,     38,    145
 2.2100,-33.8281,     40,    141
 2.2110,-31.9595,     40,    145
 2.2120,-27.9460,     38,    139
 2.2130,-24.0747,     40,    145
 2.2140,-20.1688,     38,    139
 2.2150,-22.0641,     40,    145
 2.2160,-19.7792,     40,    145
 2.2170,-17.6496,     40,    145
 2.2180,-17.3794,     40,    139
 2.2190,-26.8969,     40,    135
 2.2200,-16.4019,     40,    137
 2.2210,-15.1438,     38,    135
 2.2220,-22.4327,     38,    137
 2.2230,-23.4473,     40,    135
 2.2240,-18.9999,     38,    135
 2.2250,-24.6583,     40,    135
 2.2260,-16.8449,     40,    135
 2.2270,-19.4144,     40,    135
 2.2280,-24.6446,     38,    137
 2.2290,-22.9737,     38,    133
 2.2300,-24.5618,     38,    133
 2.2310,-19.2020,     40,    133
 2.2320,-22.0993,     40,    137
 2.2330,-21.1473,     40,    133
 2.2340,-24.0133,     40,    133
 2.2350,-28.4430,     40,    133
 2.2360,-35.3227,     40,    133
 2.2370,-21.4163,     38,    133
 2.2380,-25.2517,     40,    133
 2.2390,-21.8939,     40,    133
 2.2400,-21.9924,     40,    133
 2.2410,-21.3262,     40,    133
 2.2420,-19.8955,     40,    133
 2.2430,-17.4344,     40,    133
 2.2440,-16.8649,     40,    133
 2.2450,-16.4831,     40,    133
 2.2460,-13.4485,     40,    133
 2.2470,-14.0151,     40,    133
 2.2480,-12.7561,     40,    133
 2.2490,-12.0709,     40,    133
 2.2500,-9.6400,     40,    133
 2.2510,-10.7898,     40,    133
 2.2520,-9.1730,     40,    133
 2.2530,-7.6246,     40,    133
 2.2540,-8.1772,     40,    133
 2.2550,-7.6332,     40,    133
 2.2560,-6.9970,     40,    133
 2.2570,-6.7634,     40,    133
 2.2580,-6.3055,     40,    133
 2.2590,-5.9974,     40,    133
 2.2600,-5.6134,     40,    133
 2.2610,-4.5147,    298,    193
 2.2620,-5.5402,    332,    195
 2.2630,-5.4177,    206,    189
 2.2640,-5.3314,    224,    189
 2.2650,-5.3843,    298,    201
 2.2660,-5.4472,    268,    183
 2.2670,-6.1315,    294,    185
 2.2680,-5.4418,    290,    201
 2.2690,-5.1399,    300,    193
 2.2700,-5.4490,    252,    201
 2.2710,-5.1163,    378,    213
 2.2720,-4.5337,    372,    209
 2.2730,-4.5252,    436,    211
 2.2740,-4.5289,    372,    207
 2.2750,-6.0830,    430,    217
 2.2760,-4.2679,    356,    201
 2.2770,-4.8668,    388,    201
 2.2780,-5.0309,    328,    199
 2.2790,-4.9098,    478,    225
 2.2800,-3.0342,    100,    171
 2.2810,-1.2777,    488,    231
 2.2820,-3.9026,    508,    215
 2.2830,-4.8160,    158,    161
 2.2840,-3.8476,    174,    193
 2.2850,-2.7659,    168,    171
 2.2860,-1.8180,    162,    179
 2.2870,-1.6711,    406,    207
 2.2880,-2.8509,    176,    171
 2.2890,-1.8457,    162,    173
 2.2900,-2.8085,    172,    173
 2.2910,-3.8616,    162,    175
 2.2920,-2.7647,    168,    185
 2.2930,-3.3506,    160,    181
 2.2940,-2.9192,    126,    163
 2.2950,-3.8738,    132,    175
 2.2960,-3.9394,    140,    173
 2.2970,-2.9230,    174,    171
 2.2980,-4.1475,    138,    167
 2.2990,-4.1111,    174,    167
 2.3000,-4.0842,    160,    179
