search settings:
	vvarac Precision = 0.050 V
	vbias Precision = 0.050 V
	Acq. Frequency Start = 1.200 MHz
	Acq. Frequency Stop = 3.000 MHz
	Acq. Frequency Spacing = 0.001 MHz
	S21 Optimization Frequency Start = 1.300 MHz
	S21 Optimization Frequency Stop = 2.900 MHz
	vbias seed = -2.500
	vvarac seed = 3.800

freq(MHz)	 S21(mV)	 vbias(V)	 vvarac(V)
 1.2000,12.6752,-2.300,-1.800
 1.2010,12.5672,-2.400,-1.800
 1.2020,12.4651,-2.500,-1.800
 1.2030,12.4808,-2.450,-1.800
 1.2040,12.5197,-2.450,-1.800
 1.2050,12.3958,-2.350,-1.800
 1.2060,12.4099,-2.350,-1.800
 1.2070,12.3531,-2.300,-1.800
 1.2080,12.3569,-2.450,-1.800
 1.2090,12.2956,-2.350,-1.800
 1.2100,12.1488,-2.400,-1.800
 1.2110,12.1547,-2.350,-1.800
 1.2120,12.1053,-2.550,-1.800
 1.2130,12.1224,-2.450,-1.800
 1.2140,12.0960,-2.550,-1.800
 1.2150,11.9600,-2.500,-1.800
 1.2160,12.0068,-2.500,-1.800
 1.2170,11.8766,-2.250,-1.800
 1.2180,11.8846,-2.250,-1.800
 1.2190,11.7995,-2.200,-1.800
 1.2200,11.8377,-2.400,-1.800
 1.2210,11.7045,-2.350,-1.800
 1.2220,11.6672,-2.250,-1.800
 1.2230,11.7734,-2.100,-1.750
 1.2240,19.7826,-2.050,-1.700
 1.2250,15.9311,-2.150,-1.300
 1.2260,14.5434,-2.200,0.350
 1.2270,11.7728,-2.250,-1.750
 1.2280,11.4738,-2.300,-1.750
 1.2290,15.7067,-2.300,-1.800
 1.2300,11.4035,-2.450,-1.800
 1.2310,11.2836,-2.350,-1.750
 1.2320,11.3311,-2.350,-1.800
 1.2330,11.2529,-2.350,-1.800
 1.2340,11.2084,-2.450,-1.800
 1.2350,11.1934,-2.350,-1.800
 1.2360,11.1268,-2.500,-1.800
 1.2370,11.1337,-2.400,-1.800
 1.2380,11.0197,-2.500,-1.800
 1.2390,10.9791,-2.500,-1.800
 1.2400,10.8904,-2.400,-1.800
 1.2410,10.9929,-2.550,-1.800
 1.2420,10.9732,-2.450,-1.800
 1.2430,10.7041,-2.550,-1.800
 1.2440,10.7712,-2.450,-1.800
 1.2450,10.7315,-2.250,-1.800
 1.2460,10.7379,-2.250,-1.800
 1.2470,10.5597,-2.300,-1.750
 1.2480,10.7225,-2.350,-1.800
 1.2490,10.5010,-2.300,-1.800
 1.2500,10.5231,-2.400,-1.800
 1.2510,10.4288,-2.300,-1.800
 1.2520,10.4991,-2.400,-1.800
 1.2530,10.3551,-2.300,-1.800
 1.2540,10.3958,-2.550,-1.800
 1.2550,10.3129,-2.450,-1.800
 1.2560,10.3130,-2.500,-1.800
 1.2570,10.3650,-2.300,-1.800
 1.2580,10.2238,-2.500,-1.800
 1.2590,10.1099,-2.550,-1.800
 1.2600,10.0399,-2.450,-1.800
 1.2610,10.0844,-2.500,-1.800
 1.2620,10.0270,-2.450,-1.800
 1.2630, 9.8993,-2.300,-1.800
 1.2640, 9.9400,-2.500,-1.800
 1.2650, 9.8432,-2.550,-1.800
 1.2660,10.0218,-2.450,-1.800
 1.2670, 9.7110,-2.450,-1.800
 1.2680, 9.6686,-2.450,-1.800
 1.2690, 9.6584,-2.500,-1.800
 1.2700, 9.6853,-2.500,-1.800
 1.2710, 9.6979,-2.350,-1.800
 1.2720, 9.6677,-2.200,-1.800
 1.2730, 9.5414,-2.550,-1.800
 1.2740, 9.6538,-2.150,-1.800
 1.2750, 9.5296,-2.050,-1.700
 1.2760,12.1049,-2.000,-1.750
 1.2770,16.4925,-2.150,-0.950
 1.2780,10.0064,-2.200,-1.450
 1.2790, 9.4835,-2.250,-1.800
 1.2800, 9.3224,-2.550,-1.800
 1.2810, 9.3304,-2.350,-1.800
 1.2820, 9.4557,-2.300,-1.800
 1.2830,12.1723,-2.350,-1.600
 1.2840, 8.9519,-2.150,-1.800
 1.2850, 9.0195,-2.350,-1.800
 1.2860, 8.9171,-2.400,-1.800
 1.2870, 9.0428,-2.300,-1.800
 1.2880, 8.8965,-2.400,-1.800
 1.2890, 8.9392,-2.350,-1.750
 1.2900, 8.8138,-2.500,-1.800
 1.2910, 8.7100,-2.400,-1.800
 1.2920, 8.7001,-2.400,-1.800
 1.2930, 8.6950,-2.500,-1.800
 1.2940, 8.6364,-2.250,-1.800
 1.2950, 8.8478,-2.500,-1.750
 1.2960, 8.6966,-2.550,-1.800
 1.2970, 8.4219,-2.500,-1.800
 1.2980, 8.3674,-2.450,-1.800
 1.2990, 8.3710,-2.250,-1.800
 1.3000, 8.4580,-2.450,-1.800
 1.3010, 8.4318,-2.450,-1.800
 1.3020, 8.2549,-2.400,-1.800
 1.3030, 8.2726,-2.400,-1.800
 1.3040, 8.2147,-2.350,-1.800
 1.3050, 8.2136,-2.550,-1.800
 1.3060, 8.1853,-2.400,-1.800
 1.3070, 8.2066,-2.400,5.000
 1.3080, 8.1258,-2.450,5.000
 1.3090, 8.2483,-2.400,5.000
 1.3100, 8.3146,-2.400,5.000
 1.3110, 8.2357,-2.400,5.000
 1.3120, 8.4095,-2.500,4.950
 1.3130, 8.5055,-2.400,5.000
 1.3140, 8.4696,-2.400,4.950
 1.3150, 8.5671,-2.450,4.950
 1.3160, 8.7386,-2.400,5.000
 1.3170, 8.7565,-2.450,5.000
 1.3180, 8.8395,-2.400,4.950
 1.3190, 9.0435,-2.400,5.000
 1.3200, 8.9581,-2.400,5.000
 1.3210, 9.0367,-2.400,5.000
 1.3220, 9.0072,-2.400,5.000
 1.3230, 9.0126,-2.450,5.000
 1.3240, 9.0254,-2.400,4.950
 1.3250, 9.2829,-2.400,5.000
 1.3260, 9.2395,-2.400,4.950
 1.3270, 9.4611,-2.400,4.950
 1.3280, 9.5599,-2.400,5.000
 1.3290, 9.2985,-2.400,5.000
 1.3300, 9.5761,-2.400,5.000
 1.3310, 9.7086,-2.450,5.000
 1.3320, 9.6208,-2.450,4.950
 1.3330,11.9501,-2.050,1.100
 1.3340,16.1561,-2.150,-1.700
 1.3350,16.3425,-2.200,-1.450
 1.3360, 9.9845,-2.400,5.000
 1.3370, 9.9705,-2.400,5.000
 1.3380,10.0759,-2.400,5.000
 1.3390,10.2227,-2.450,5.000
 1.3400,10.7833,-2.350,-1.550
 1.3410,10.2329,-2.400,5.000
 1.3420,10.3352,-2.400,5.000
 1.3430,10.3927,-2.400,5.000
 1.3440,10.4688,-2.400,5.000
 1.3450,10.5645,-2.400,5.000
 1.3460,10.5386,-2.400,5.000
 1.3470,10.8115,-2.400,5.000
 1.3480,10.7966,-2.400,5.000
 1.3490,10.7100,-2.400,4.950
 1.3500,10.9410,-2.450,5.000
 1.3510,10.9518,-2.400,5.000
 1.3520,10.9955,-2.450,5.000
 1.3530,10.9912,-2.400,5.000
 1.3540,10.9569,-2.450,5.000
 1.3550,11.0967,-2.400,4.950
 1.3560,11.2084,-2.400,4.950
 1.3570,11.2399,-2.400,4.950
 1.3580,11.3865,-2.400,4.950
 1.3590,11.6405,-2.400,4.950
 1.3600,11.4302,-2.400,4.950
 1.3610,11.4932,-2.400,5.000
 1.3620,11.8693,-2.400,5.000
 1.3630,11.6482,-2.400,4.950
 1.3640,11.6736,-2.400,4.950
 1.3650,11.9756,-2.400,5.000
 1.3660,11.9502,-2.400,4.950
 1.3670,11.9393,-2.400,4.950
 1.3680,11.9291,-2.400,5.000
 1.3690,12.1772,-2.400,5.000
 1.3700,12.2592,-2.400,4.950
 1.3710,12.3393,-2.400,5.000
 1.3720,12.1598,-2.450,5.000
 1.3730,12.3532,-2.400,5.000
 1.3740,12.4903,-2.400,4.950
 1.3750,12.5661,-2.400,5.000
 1.3760,12.5675,-2.400,4.950
 1.3770,12.7161,-2.400,5.000
 1.3780,12.6806,-2.400,5.000
 1.3790,12.8534,-2.400,5.000
 1.3800,12.8287,-2.400,5.000
 1.3810,13.0667,-2.400,5.000
 1.3820,13.0293,-2.400,5.000
 1.3830,13.1234,-2.450,5.000
 1.3840,13.1669,-2.400,5.000
 1.3850,13.3297,-2.400,5.000
 1.3860,13.2186,-2.400,4.950
 1.3870,13.4669,-2.400,5.000
 1.3880,13.6232,-2.400,5.000
 1.3890,13.4427,-2.400,5.000
 1.3900,13.7485,-2.400,4.950
 1.3910,13.6499,-2.450,5.000
 1.3920,13.8084,-2.400,5.000
 1.3930,13.8608,-2.400,4.950
 1.3940,13.9056,-2.400,5.000
 1.3950,14.0087,-2.400,5.000
 1.3960,16.8072,-2.150,-1.450
 1.3970,14.2302,-2.400,5.000
 1.3980,14.3064,-2.400,5.000
 1.3990,14.3711,-2.400,5.000
 1.4000,14.3999,-2.400,4.950
 1.4010,14.3744,-2.400,5.000
 1.4020,14.6703,-2.400,5.000
 1.4030,14.8067,-2.400,5.000
 1.4040,14.7535,-2.400,5.000
 1.4050,14.7354,-2.400,5.000
 1.4060,14.8571,-2.400,4.950
 1.4070,14.9709,-2.400,5.000
 1.4080,15.0928,-2.400,5.000
 1.4090,15.1503,-2.400,4.950
 1.4100,15.2059,-2.400,5.000
 1.4110,15.2694,-2.400,5.000
 1.4120,15.3926,-2.400,5.000
 1.4130,15.4574,-2.400,5.000
 1.4140,15.5707,-2.400,5.000
 1.4150,15.6761,-2.400,5.000
 1.4160,15.6769,-2.400,4.950
 1.4170,15.8611,-2.400,5.000
 1.4180,15.9818,-2.400,5.000
 1.4190,15.9420,-2.400,5.000
 1.4200,16.0400,-2.400,4.950
 1.4210,16.1151,-2.400,5.000
 1.4220,16.2930,-2.400,5.000
 1.4230,16.3563,-2.400,5.000
 1.4240,16.4127,-2.400,5.000
 1.4250,16.4836,-2.400,5.000
 1.4260,16.5456,-2.400,5.000
 1.4270,16.6329,-2.400,5.000
 1.4280,16.7420,-2.400,5.000
 1.4290,16.7875,-2.400,5.000
 1.4300,17.0177,-2.400,5.000
 1.4310,16.9859,-2.400,5.000
 1.4320,17.0786,-2.400,4.950
 1.4330,17.1466,-2.400,5.000
 1.4340,17.3488,-2.400,5.000
 1.4350,17.4447,-2.400,5.000
 1.4360,17.3724,-2.400,4.950
 1.4370,17.5670,-2.400,5.000
 1.4380,17.6765,-2.400,5.000
 1.4390,17.7239,-2.400,5.000
 1.4400,17.8726,-2.400,5.000
 1.4410,17.8736,-2.400,5.000
 1.4420,18.0567,-2.400,5.000
 1.4430,18.1227,-2.400,5.000
 1.4440,18.2229,-2.400,5.000
 1.4450,18.3084,-2.400,4.950
 1.4460,18.4602,-2.400,5.000
 1.4470,18.5091,-2.400,5.000
 1.4480,18.6450,-2.400,5.000
 1.4490,18.6786,-2.400,5.000
 1.4500,18.8028,-2.400,5.000
 1.4510,18.8788,-2.400,5.000
 1.4520,19.0350,-2.400,5.000
 1.4530,19.1491,-2.400,5.000
 1.4540,19.2431,-2.400,5.000
 1.4550,19.3131,-2.400,5.000
 1.4560,19.4154,-2.400,5.000
 1.4570,19.5738,-2.400,5.000
 1.4580,19.6099,-2.400,5.000
 1.4590,19.7532,-2.400,5.000
 1.4600,19.9228,-2.400,5.000
 1.4610,19.9766,-2.400,4.950
 1.4620,20.0537,-2.400,5.000
 1.4630,20.1252,-2.400,5.000
 1.4640,20.2695,-2.400,5.000
 1.4650,20.4073,-2.400,5.000
 1.4660,20.4774,-2.400,5.000
 1.4670,20.5900,-2.400,5.000
 1.4680,20.6990,-2.400,5.000
 1.4690,20.8604,-2.400,5.000
 1.4700,20.9344,-2.400,5.000
 1.4710,21.0135,-2.400,5.000
 1.4720,21.1722,-2.400,5.000
 1.4730,21.2674,-2.400,5.000
 1.4740,21.3713,-2.400,5.000
 1.4750,21.4582,-2.400,5.000
 1.4760,21.6167,-2.400,5.000
 1.4770,21.7226,-2.400,5.000
 1.4780,21.8351,-2.400,5.000
 1.4790,22.0070,-2.400,5.000
 1.4800,22.0664,-2.400,5.000
 1.4810,22.2393,-2.400,5.000
 1.4820,22.3681,-2.400,5.000
 1.4830,22.4863,-2.400,5.000
 1.4840,22.6342,-2.400,5.000
 1.4850,22.7432,-2.400,5.000
 1.4860,22.8106,-2.400,5.000
 1.4870,22.9326,-2.400,5.000
 1.4880,23.0414,-2.400,5.000
 1.4890,23.1920,-2.400,5.000
 1.4900,23.3423,-2.400,5.000
 1.4910,23.4400,-2.400,5.000
 1.4920,23.6225,-2.400,5.000
 1.4930,23.7282,-2.400,5.000
 1.4940,23.8711,-2.400,5.000
 1.4950,23.9831,-2.400,5.000
 1.4960,24.1123,-2.400,5.000
 1.4970,24.2647,-2.400,5.000
 1.4980,24.3668,-2.400,5.000
 1.4990,24.5072,-2.400,5.000
 1.5000,24.6124,-2.400,5.000
 1.5010,24.7378,-2.400,5.000
 1.5020,24.9445,-2.400,5.000
 1.5030,25.0394,-2.400,5.000
 1.5040,25.1554,-2.400,5.000
 1.5050,25.3200,-2.400,5.000
 1.5060,25.4303,-2.400,5.000
 1.5070,25.5640,-2.400,5.000
 1.5080,25.6331,-2.400,5.000
 1.5090,25.8001,-2.400,5.000
 1.5100,25.9429,-2.400,5.000
 1.5110,26.0822,-2.400,5.000
 1.5120,26.1831,-2.400,5.000
 1.5130,26.2880,-2.400,5.000
 1.5140,26.4033,-2.400,5.000
 1.5150,26.5312,-2.400,5.000
 1.5160,26.6552,-2.400,5.000
 1.5170,26.7875,-2.400,5.000
 1.5180,26.9123,-2.400,5.000
 1.5190,27.0434,-2.400,5.000
 1.5200,27.1339,-2.400,5.000
 1.5210,27.2753,-2.400,5.000
 1.5220,27.3769,-2.400,5.000
 1.5230,27.4662,-2.400,5.000
 1.5240,27.6250,-2.400,5.000
 1.5250,27.7134,-2.400,5.000
 1.5260,27.8411,-2.400,5.000
 1.5270,27.8953,-2.400,5.000
 1.5280,27.9668,-2.400,5.000
 1.5290,28.0765,-2.400,5.000
 1.5300,28.1817,-2.400,5.000
 1.5310,28.2568,-2.400,5.000
 1.5320,28.3116,-2.400,5.000
 1.5330,28.3892,-2.400,5.000
 1.5340,28.4684,-2.400,5.000
 1.5350,28.4984,-2.400,5.000
 1.5360,28.5770,-2.400,5.000
 1.5370,28.6466,-2.400,5.000
 1.5380,28.6871,-2.400,5.000
 1.5390,28.6964,-2.400,5.000
 1.5400,28.7443,-2.400,4.950
 1.5410,28.7636,-2.400,4.950
 1.5420,28.8416,-2.400,4.950
 1.5430,28.8459,-2.400,4.950
 1.5440,28.8496,-2.400,5.000
 1.5450,28.8468,-2.450,5.000
 1.5460,28.8893,-2.400,4.950
 1.5470,28.8902,-2.450,4.950
 1.5480,28.8788,-2.450,5.000
 1.5490,28.8784,-2.500,4.950
 1.5500,28.9237,-2.500,5.000
 1.5510,28.9331,-2.550,5.000
 1.5520,28.9391,-2.500,4.950
 1.5530,28.9423,-2.550,4.950
 1.5540,28.9638,-2.550,4.950
 1.5550,28.9493,-2.600,4.950
 1.5560,28.9541,-2.600,4.950
 1.5570,28.9432,-2.600,4.950
 1.5580,28.9697,-2.600,4.950
 1.5590,28.9363,-2.450,4.900
 1.5600,29.0205,-2.450,4.900
 1.5610,29.0321,-2.450,4.900
 1.5620,29.0495,-2.450,4.900
 1.5630,29.1494,-2.450,4.900
 1.5640,29.1689,-2.450,4.900
 1.5650,29.2459,-2.450,4.900
 1.5660,29.2687,-2.450,4.900
 1.5670,29.2689,-2.450,4.900
 1.5680,29.2927,-2.500,4.900
 1.5690,29.2973,-2.500,4.900
 1.5700,29.3180,-2.500,4.900
 1.5710,29.3492,-2.500,4.900
 1.5720,29.3462,-2.550,4.900
 1.5730,29.3119,-2.550,4.900
 1.5740,29.3859,-2.550,4.900
 1.5750,29.3645,-2.550,4.900
 1.5760,29.3649,-2.550,4.900
 1.5770,29.3533,-2.600,4.900
 1.5780,29.3746,-2.650,4.900
 1.5790,29.3903,-2.600,4.900
 1.5800,29.3517,-2.650,4.900
 1.5810,29.3758,-2.450,4.850
 1.5820,29.4257,-2.450,4.850
 1.5830,29.4735,-2.450,4.850
 1.5840,29.5248,-2.450,4.850
 1.5850,29.5768,-2.450,4.850
 1.5860,29.6337,-2.450,4.850
 1.5870,29.6490,-2.450,4.850
 1.5880,29.7033,-2.450,4.850
 1.5890,29.7142,-2.500,4.850
 1.5900,29.7503,-2.450,4.850
 1.5910,29.7486,-2.450,4.850
 1.5920,29.7354,-2.500,4.850
 1.5930,29.7720,-2.500,4.850
 1.5940,29.7503,-2.550,4.850
 1.5950,29.7630,-2.550,4.850
 1.5960,29.7727,-2.550,4.850
 1.5970,29.7620,-2.600,4.850
 1.5980,29.8072,-2.350,4.800
 1.5990,29.8699,-2.350,4.800
 1.6000,29.8999,-2.350,4.800
 1.6010,29.9262,-2.350,4.800
 1.6020,29.9800,-2.350,4.800
 1.6030,29.9904,-2.350,4.800
 1.6040,30.0428,-2.350,4.800
 1.6050,30.0592,-2.350,4.800
 1.6060,30.0765,-2.400,4.800
 1.6070,30.0727,-2.400,4.800
 1.6080,30.0837,-2.400,4.800
 1.6090,30.1038,-2.450,4.800
 1.6100,30.1105,-2.450,4.800
 1.6110,30.1492,-2.450,4.800
 1.6120,30.1214,-2.450,4.800
 1.6130,30.1443,-2.500,4.800
 1.6140,30.1494,-2.500,4.800
 1.6150,30.1496,-2.500,4.800
 1.6160,30.1697,-2.550,4.800
 1.6170,30.1650,-2.550,4.800
 1.6180,30.2107,-2.350,4.750
 1.6190,30.2346,-2.350,4.750
 1.6200,30.2843,-2.350,4.750
 1.6210,30.3082,-2.350,4.750
 1.6220,30.3881,-2.350,4.750
 1.6230,30.3918,-2.350,4.750
 1.6240,30.4143,-2.350,4.750
 1.6250,30.4451,-2.400,4.750
 1.6260,30.4275,-2.350,4.750
 1.6270,30.4820,-2.400,4.750
 1.6280,30.4696,-2.400,4.750
 1.6290,30.5036,-2.400,4.750
 1.6300,30.5020,-2.450,4.750
 1.6310,30.5024,-2.450,4.750
 1.6320,30.5349,-2.500,4.750
 1.6330,30.5282,-2.500,4.750
 1.6340,30.5557,-2.500,4.750
 1.6350,30.5442,-2.550,4.750
 1.6360,30.5757,-2.550,4.750
 1.6370,30.5275,-2.600,4.750
 1.6380,30.5406,-2.550,4.750
 1.6390,30.5618,-2.400,4.700
 1.6400,30.6549,-2.400,4.700
 1.6410,30.7008,-2.400,4.700
 1.6420,30.7328,-2.400,4.700
 1.6430,30.7431,-2.400,4.700
 1.6440,30.7916,-2.400,4.700
 1.6450,30.8095,-2.400,4.700
 1.6460,30.8430,-2.400,4.700
 1.6470,30.8265,-2.450,4.700
 1.6480,30.8575,-2.450,4.700
 1.6490,30.8702,-2.450,4.700
 1.6500,30.8710,-2.450,4.700
 1.6510,30.8556,-2.500,4.700
 1.6520,30.8880,-2.550,4.700
 1.6530,30.9063,-2.300,4.650
 1.6540,30.9466,-2.300,4.650
 1.6550,30.9940,-2.300,4.650
 1.6560,31.0137,-2.300,4.650
 1.6570,31.0446,-2.300,4.650
 1.6580,31.0624,-2.300,4.650
 1.6590,31.0828,-2.300,4.650
 1.6600,31.1293,-2.350,4.650
 1.6610,31.1415,-2.350,4.650
 1.6620,31.1588,-2.350,4.650
 1.6630,31.1866,-2.350,4.650
 1.6640,31.1729,-2.400,4.650
 1.6650,31.1822,-2.450,4.650
 1.6660,31.1866,-2.400,4.650
 1.6670,31.2140,-2.500,4.650
 1.6680,31.1931,-2.450,4.650
 1.6690,31.1950,-2.500,4.650
 1.6700,31.2377,-2.500,4.650
 1.6710,31.2623,-2.300,4.600
 1.6720,31.2843,-2.300,4.600
 1.6730,31.3605,-2.300,4.600
 1.6740,31.3541,-2.300,4.600
 1.6750,31.3837,-2.300,4.600
 1.6760,31.4391,-2.300,4.600
 1.6770,31.4390,-2.350,4.600
 1.6780,31.4475,-2.350,4.600
 1.6790,31.4691,-2.350,4.600
 1.6800,31.4783,-2.350,4.600
 1.6810,31.4958,-2.350,4.600
 1.6820,31.5076,-2.400,4.600
 1.6830,31.5136,-2.450,4.600
 1.6840,31.5267,-2.500,4.600
 1.6850,31.5515,-2.450,4.600
 1.6860,31.5374,-2.500,4.600
 1.6870,31.5393,-2.500,4.600
 1.6880,31.5367,-2.550,4.600
 1.6890,31.5483,-2.600,4.600
 1.6900,31.6269,-2.350,4.550
 1.6910,31.6625,-2.350,4.550
 1.6920,31.6594,-2.350,4.550
 1.6930,31.6825,-2.350,4.550
 1.6940,31.7476,-2.350,4.550
 1.6950,31.7652,-2.350,4.550
 1.6960,31.7915,-2.350,4.550
 1.6970,31.7946,-2.400,4.550
 1.6980,31.8451,-2.400,4.550
 1.6990,31.8279,-2.400,4.550
 1.7000,31.8353,-2.450,4.550
 1.7010,31.8576,-2.450,4.550
 1.7020,31.8414,-2.450,4.550
 1.7030,31.8829,-2.500,4.550
 1.7040,31.9125,-2.300,4.500
 1.7050,31.9512,-2.300,4.500
 1.7060,31.9876,-2.300,4.500
 1.7070,32.0215,-2.300,4.500
 1.7080,32.0303,-2.300,4.500
 1.7090,32.0355,-2.350,4.500
 1.7100,32.0721,-2.350,4.500
 1.7110,32.0853,-2.350,4.500
 1.7120,32.1306,-2.350,4.500
 1.7130,32.1307,-2.350,4.500
 1.7140,32.1148,-2.350,4.500
 1.7150,32.1333,-2.400,4.500
 1.7160,32.1472,-2.400,4.500
 1.7170,32.1640,-2.450,4.500
 1.7180,32.1539,-2.550,4.500
 1.7190,32.1614,-2.500,4.500
 1.7200,32.1803,-2.500,4.500
 1.7210,32.2333,-2.300,4.450
 1.7220,32.2620,-2.300,4.450
 1.7230,32.2772,-2.300,4.450
 1.7240,32.2984,-2.300,4.450
 1.7250,32.3560,-2.350,4.450
 1.7260,32.3686,-2.350,4.450
 1.7270,32.3616,-2.350,4.450
 1.7280,32.4116,-2.350,4.450
 1.7290,32.4072,-2.350,4.450
 1.7300,32.4251,-2.400,4.450
 1.7310,32.4319,-2.350,4.450
 1.7320,32.4381,-2.400,4.450
 1.7330,32.4356,-2.450,4.450
 1.7340,32.4592,-2.450,4.450
 1.7350,32.4407,-2.450,4.450
 1.7360,32.4684,-2.500,4.450
 1.7370,32.5042,-2.350,4.400
 1.7380,32.5241,-2.350,4.400
 1.7390,32.5830,-2.350,4.400
 1.7400,32.5759,-2.350,4.400
 1.7410,32.6398,-2.350,4.400
 1.7420,32.6588,-2.350,4.400
 1.7430,32.6711,-2.350,4.400
 1.7440,32.6907,-2.350,4.400
 1.7450,32.6764,-2.450,4.400
 1.7460,32.6924,-2.400,4.400
 1.7470,32.6973,-2.400,4.400
 1.7480,32.7112,-2.450,4.400
 1.7490,32.6962,-2.500,4.400
 1.7500,32.7259,-2.500,4.400
 1.7510,32.7767,-2.300,4.350
 1.7520,32.8026,-2.300,4.350
 1.7530,32.8360,-2.300,4.350
 1.7540,32.8519,-2.350,4.350
 1.7550,32.8892,-2.350,4.350
 1.7560,32.9042,-2.350,4.350
 1.7570,32.9187,-2.300,4.350
 1.7580,32.9321,-2.400,4.350
 1.7590,32.9382,-2.300,4.350
 1.7600,32.9584,-2.350,4.350
 1.7610,32.9724,-2.400,4.350
 1.7620,32.9813,-2.450,4.350
 1.7630,32.9821,-2.500,4.350
 1.7640,32.9893,-2.450,4.350
 1.7650,32.9920,-2.300,4.300
 1.7660,33.0322,-2.300,4.300
 1.7670,33.0800,-2.350,4.300
 1.7680,33.1160,-2.300,4.300
 1.7690,33.1352,-2.300,4.300
 1.7700,33.1303,-2.350,4.300
 1.7710,33.1811,-2.300,4.300
 1.7720,33.2021,-2.300,4.300
 1.7730,33.2023,-2.350,4.300
 1.7740,33.2137,-2.350,4.300
 1.7750,33.2229,-2.400,4.300
 1.7760,33.2364,-2.450,4.300
 1.7770,33.2477,-2.450,4.300
 1.7780,33.2406,-2.500,4.300
 1.7790,33.2721,-2.250,4.250
 1.7800,33.3043,-2.250,4.250
 1.7810,33.3248,-2.250,4.250
 1.7820,33.3705,-2.250,4.250
 1.7830,33.3857,-2.300,4.250
 1.7840,33.3962,-2.300,4.250
 1.7850,33.4302,-2.350,4.250
 1.7860,33.4463,-2.350,4.250
 1.7870,33.4397,-2.350,4.250
 1.7880,33.4683,-2.350,4.250
 1.7890,33.4776,-2.350,4.250
 1.7900,33.4755,-2.450,4.250
 1.7910,33.4954,-2.400,4.250
 1.7920,33.4881,-2.250,4.200
 1.7930,33.5234,-2.250,4.200
 1.7940,33.5502,-2.250,4.200
 1.7950,33.5764,-2.300,4.200
 1.7960,33.6032,-2.250,4.200
 1.7970,33.6392,-2.250,4.200
 1.7980,33.6489,-2.250,4.200
 1.7990,33.6579,-2.300,4.200
 1.8000,33.6946,-2.300,4.200
 1.8010,33.7202,-2.350,4.200
 1.8020,33.6919,-2.350,4.200
 1.8030,33.7347,-2.400,4.200
 1.8040,33.7161,-2.400,4.200
 1.8050,33.7231,-2.400,4.200
 1.8060,33.7158,-2.450,4.200
 1.8070,33.7281,-2.300,4.150
 1.8080,33.7666,-2.300,4.150
 1.8090,33.8174,-2.300,4.150
 1.8100,33.8486,-2.300,4.150
 1.8110,33.8725,-2.300,4.150
 1.8120,33.8861,-2.300,4.150
 1.8130,33.9009,-2.300,4.150
 1.8140,33.9292,-2.350,4.150
 1.8150,33.9293,-2.300,4.150
 1.8160,33.9465,-2.400,4.150
 1.8170,33.9665,-2.400,4.150
 1.8180,33.9790,-2.450,4.150
 1.8190,33.9704,-2.400,4.150
 1.8200,33.9679,-2.400,4.150
 1.8210,33.9759,-2.500,4.150
 1.8220,34.0162,-2.300,4.100
 1.8230,34.0524,-2.300,4.100
 1.8240,34.1013,-2.300,4.100
 1.8250,34.1067,-2.300,4.100
 1.8260,34.1229,-2.350,4.100
 1.8270,34.1965,-2.350,4.100
 1.8280,34.1549,-2.300,4.100
 1.8290,34.1698,-2.350,4.100
 1.8300,34.1727,-2.400,4.100
 1.8310,34.1923,-2.400,4.100
 1.8320,34.1882,-2.450,4.100
 1.8330,34.2021,-2.450,4.100
 1.8340,34.1946,-2.450,4.100
 1.8350,34.2301,-2.300,4.050
 1.8360,34.2550,-2.300,4.050
 1.8370,34.2659,-2.350,4.050
 1.8380,34.3253,-2.300,4.050
 1.8390,34.3094,-2.350,4.050
 1.8400,34.3464,-2.350,4.050
 1.8410,34.3577,-2.300,4.050
 1.8420,34.3761,-2.350,4.050
 1.8430,34.3994,-2.400,4.050
 1.8440,34.3945,-2.450,4.050
 1.8450,34.4065,-2.400,4.050
 1.8460,34.3959,-2.500,4.050
 1.8470,34.4398,-2.300,4.000
 1.8480,34.4618,-2.300,4.000
 1.8490,34.4733,-2.300,4.000
 1.8500,34.5259,-2.300,4.000
 1.8510,34.5226,-2.300,4.000
 1.8520,34.5553,-2.350,4.000
 1.8530,34.5629,-2.300,4.000
 1.8540,34.5633,-2.350,4.000
 1.8550,34.6006,-2.350,4.000
 1.8560,34.6113,-2.350,4.000
 1.8570,34.6004,-2.450,4.000
 1.8580,34.6317,-2.400,4.000
 1.8590,34.6337,-2.450,4.000
 1.8600,34.6044,-2.450,4.000
 1.8610,34.6177,-2.550,4.000
 1.8620,34.6816,-2.350,3.950
 1.8630,34.7128,-2.350,3.950
 1.8640,34.7293,-2.350,3.950
 1.8650,34.7591,-2.350,3.950
 1.8660,34.7920,-2.350,3.950
 1.8670,34.7885,-2.350,3.950
 1.8680,34.7919,-2.350,3.950
 1.8690,34.8107,-2.350,3.950
 1.8700,34.8172,-2.400,3.950
 1.8710,34.8550,-2.250,3.900
 1.8720,34.8825,-2.250,3.900
 1.8730,34.8996,-2.300,3.900
 1.8740,34.9137,-2.250,3.900
 1.8750,34.9316,-2.250,3.900
 1.8760,34.9507,-2.350,3.900
 1.8770,34.9756,-2.350,3.900
 1.8780,34.9754,-2.350,3.900
 1.8790,34.9926,-2.350,3.900
 1.8800,34.9942,-2.350,3.900
 1.8810,35.0013,-2.350,3.900
 1.8820,35.0222,-2.400,3.900
 1.8830,35.0411,-2.250,3.850
 1.8840,35.0727,-2.250,3.850
 1.8850,35.1225,-2.250,3.850
 1.8860,35.1335,-2.250,3.850
 1.8870,35.1459,-2.250,3.850
 1.8880,35.1512,-2.300,3.850
 1.8890,35.1697,-2.250,3.850
 1.8900,35.1844,-2.350,3.850
 1.8910,35.2003,-2.350,3.800
 1.8920,35.2893,-2.350,3.800
 1.8930,35.3643,-2.350,3.800
 1.8940,35.4345,-2.350,3.800
 1.8950,35.4781,-2.350,3.800
 1.8960,35.5447,-2.350,3.800
 1.8970,35.5753,-2.350,3.800
 1.8980,35.6244,-2.350,3.800
 1.8990,35.6247,-2.350,3.800
 1.9000,35.6730,-2.350,3.800
 1.9010,35.7101,-2.350,3.800
 1.9020,35.7085,-2.350,3.800
 1.9030,35.7297,-2.350,3.800
 1.9040,35.7472,-2.350,3.800
 1.9050,35.7318,-2.400,3.800
 1.9060,35.7395,-2.400,3.800
 1.9070,35.7486,-2.450,3.800
 1.9080,35.7421,-2.450,3.800
 1.9090,35.7500,-2.500,3.800
 1.9100,35.7407,-2.500,3.800
 1.9110,35.7673,-2.350,3.750
 1.9120,35.8032,-2.350,3.750
 1.9130,35.8366,-2.350,3.750
 1.9140,35.8337,-2.400,3.750
 1.9150,35.8495,-2.400,3.750
 1.9160,35.8792,-2.400,3.750
 1.9170,35.8740,-2.500,3.750
 1.9180,35.9293,-2.500,3.750
 1.9190,35.8943,-2.550,3.750
 1.9200,35.8972,-2.500,3.750
 1.9210,35.9171,-2.500,3.750
 1.9220,35.8836,-2.500,3.750
 1.9230,35.8916,-2.550,3.750
 1.9240,35.9157,-2.350,3.700
 1.9250,35.9376,-2.350,3.700
 1.9260,35.9438,-2.400,3.700
 1.9270,35.9600,-2.400,3.700
 1.9280,35.9699,-2.450,3.700
 1.9290,35.9719,-2.450,3.700
 1.9300,36.0047,-2.550,3.700
 1.9310,36.0103,-2.550,3.700
 1.9320,35.9966,-2.550,3.700
 1.9330,36.0102,-2.300,3.650
 1.9340,36.0383,-2.300,3.650
 1.9350,36.0472,-2.350,3.650
 1.9360,36.0496,-2.350,3.650
 1.9370,36.0671,-2.350,3.650
 1.9380,36.0760,-2.450,3.650
 1.9390,36.1033,-2.500,3.650
 1.9400,36.1239,-2.250,3.600
 1.9410,36.1125,-2.500,3.650
 1.9420,36.1124,-2.500,3.650
 1.9430,36.1278,-2.300,3.600
 1.9440,36.1480,-2.200,3.600
 1.9450,36.2461,-2.350,3.600
 1.9460,36.1797,-2.300,3.600
 1.9470,36.2115,-2.350,3.600
 1.9480,36.2172,-2.350,3.600
 1.9490,36.2338,-2.350,3.600
 1.9500,36.2392,-2.450,3.600
 1.9510,36.2562,-2.450,3.600
 1.9520,36.2458,-2.500,3.600
 1.9530,36.2502,-2.250,3.550
 1.9540,36.3042,-2.250,3.550
 1.9550,36.2992,-2.250,3.550
 1.9560,36.3166,-2.300,3.550
 1.9570,36.3360,-2.300,3.550
 1.9580,36.3486,-2.300,3.550
 1.9590,36.3876,-2.350,3.550
 1.9600,36.3841,-2.400,3.550
 1.9610,36.3813,-2.400,3.550
 1.9620,36.3815,-2.400,3.550
 1.9630,36.3860,-2.400,3.550
 1.9640,36.3853,-2.250,3.500
 1.9650,36.4457,-2.250,3.500
 1.9660,36.4563,-2.250,3.500
 1.9670,36.4751,-2.300,3.500
 1.9680,36.4944,-2.350,3.500
 1.9690,36.4918,-2.350,3.500
 1.9700,36.5221,-2.350,3.500
 1.9710,36.5285,-2.400,3.500
 1.9720,36.5251,-2.400,3.500
 1.9730,36.5472,-2.200,3.450
 1.9740,36.5619,-2.250,3.450
 1.9750,36.5816,-2.200,3.450
 1.9760,36.6090,-2.200,3.450
 1.9770,36.6150,-2.250,3.450
 1.9780,36.6169,-2.300,3.450
 1.9790,36.6486,-2.300,3.450
 1.9800,36.6417,-2.350,3.450
 1.9810,36.6480,-2.400,3.450
 1.9820,36.6754,-2.400,3.450
 1.9830,36.6833,-2.200,3.400
 1.9840,36.7005,-2.200,3.400
 1.9850,36.7341,-2.250,3.400
 1.9860,36.7412,-2.200,3.400
 1.9870,36.7468,-2.250,3.400
 1.9880,36.7744,-2.250,3.400
 1.9890,36.7884,-2.300,3.400
 1.9900,36.8015,-2.350,3.400
 1.9910,36.8335,-2.350,3.400
 1.9920,36.8194,-2.300,3.400
 1.9930,36.8300,-2.350,3.400
 1.9940,36.8208,-2.350,3.400
 1.9950,36.8382,-2.250,3.350
 1.9960,36.8779,-2.250,3.350
 1.9970,36.9237,-2.250,3.350
 1.9980,36.9353,-2.250,3.350
 1.9990,36.9431,-2.300,3.350
 2.0000,36.9557,-2.300,3.350
 2.0010,36.9699,-2.300,3.350
 2.0020,36.9804,-2.400,3.350
 2.0030,36.9796,-2.400,3.350
 2.0040,36.9762,-2.400,3.350
 2.0050,36.9761,-2.250,3.300
 2.0060,36.9979,-2.300,3.300
 2.0070,37.0354,-2.250,3.300
 2.0080,37.0677,-2.300,3.300
 2.0090,37.0857,-2.250,3.300
 2.0100,37.1166,-2.300,3.300
 2.0110,37.1110,-2.350,3.300
 2.0120,37.1312,-2.350,3.300
 2.0130,37.1311,-2.400,3.300
 2.0140,37.1357,-2.400,3.300
 2.0150,37.1674,-2.200,3.250
 2.0160,37.1792,-2.250,3.250
 2.0170,37.2063,-2.200,3.250
 2.0180,37.2312,-2.250,3.250
 2.0190,37.2343,-2.250,3.250
 2.0200,37.2489,-2.350,3.250
 2.0210,37.2599,-2.250,3.250
 2.0220,37.2720,-2.300,3.250
 2.0230,37.2894,-2.350,3.250
 2.0240,37.2841,-2.350,3.250
 2.0250,37.3124,-2.200,3.200
 2.0260,37.3255,-2.200,3.200
 2.0270,37.3811,-2.200,3.200
 2.0280,37.3670,-2.200,3.200
 2.0290,37.3855,-2.250,3.200
 2.0300,37.3955,-2.250,3.200
 2.0310,37.4115,-2.350,3.200
 2.0320,37.4301,-2.350,3.200
 2.0330,37.4425,-2.350,3.200
 2.0340,37.4281,-2.350,3.200
 2.0350,37.4441,-2.350,3.200
 2.0360,37.4867,-2.250,3.150
 2.0370,37.5073,-2.250,3.150
 2.0380,37.5070,-2.250,3.150
 2.0390,37.5345,-2.300,3.150
 2.0400,37.5590,-2.250,3.150
 2.0410,37.5683,-2.300,3.150
 2.0420,37.5865,-2.300,3.150
 2.0430,37.5799,-2.300,3.150
 2.0440,37.5919,-2.400,3.150
 2.0450,37.6036,-2.200,3.100
 2.0460,37.6241,-2.250,3.100
 2.0470,37.6297,-2.250,3.100
 2.0480,37.6662,-2.200,3.100
 2.0490,37.6855,-2.200,3.100
 2.0500,37.7008,-2.200,3.100
 2.0510,37.7143,-2.250,3.100
 2.0520,37.7246,-2.300,3.100
 2.0530,37.7384,-2.350,3.100
 2.0540,37.7509,-2.350,3.100
 2.0550,37.7419,-2.200,3.050
 2.0560,37.7573,-2.200,3.050
 2.0570,37.7813,-2.250,3.050
 2.0580,37.8182,-2.200,3.050
 2.0590,37.8189,-2.250,3.050
 2.0600,37.8382,-2.250,3.050
 2.0610,37.8616,-2.250,3.050
 2.0620,37.8669,-2.350,3.050
 2.0630,37.9072,-2.100,3.000
 2.0640,37.8876,-2.100,3.000
 2.0650,37.9023,-2.150,3.000
 2.0660,37.9389,-2.150,3.000
 2.0670,37.9461,-2.100,3.000
 2.0680,37.9545,-2.150,3.000
 2.0690,37.9983,-2.100,2.950
 2.0700,37.9983,-2.150,2.950
 2.0710,37.9953,-2.250,3.000
 2.0720,38.0105,-2.100,2.950
 2.0730,38.0174,-2.100,2.950
 2.0740,38.1078,-2.250,3.000
 2.0750,38.0551,-2.150,2.950
 2.0760,38.0857,-2.150,2.950
 2.0770,38.0900,-2.150,2.950
 2.0780,38.1054,-2.200,2.950
 2.0790,38.1080,-2.250,2.950
 2.0800,38.1295,-2.350,2.950
 2.0810,38.1537,-2.300,2.950
 2.0820,38.1504,-2.300,2.950
 2.0830,38.1723,-2.350,2.950
 2.0840,38.1629,-2.350,2.950
 2.0850,38.1928,-2.200,2.900
 2.0860,38.2052,-2.200,2.900
 2.0870,38.2272,-2.200,2.900
 2.0880,38.2654,-2.250,2.900
 2.0890,38.2507,-2.300,2.900
 2.0900,38.2615,-2.250,2.900
 2.0910,38.2905,-2.250,2.900
 2.0920,38.2991,-2.350,2.900
 2.0930,38.3047,-2.350,2.900
 2.0940,38.2954,-2.450,2.900
 2.0950,38.3189,-2.250,2.850
 2.0960,38.3478,-2.250,2.850
 2.0970,38.3757,-2.250,2.850
 2.0980,38.3870,-2.300,2.850
 2.0990,38.4016,-2.300,2.850
 2.1000,38.4285,-2.300,2.850
 2.1010,38.4407,-2.300,2.850
 2.1020,38.4564,-2.350,2.850
 2.1030,38.4467,-2.300,2.850
 2.1040,38.4584,-2.400,2.850
 2.1050,38.4765,-2.200,2.800
 2.1060,38.4987,-2.250,2.800
 2.1070,38.5210,-2.200,2.800
 2.1080,38.5306,-2.300,2.800
 2.1090,38.5533,-2.250,2.800
 2.1100,38.5476,-2.250,2.800
 2.1110,38.5762,-2.300,2.800
 2.1120,38.5746,-2.350,2.800
 2.1130,38.5787,-2.350,2.800
 2.1140,38.6049,-2.400,2.800
 2.1150,38.6258,-2.400,2.800
 2.1160,38.6362,-2.200,2.750
 2.1170,38.6562,-2.250,2.750
 2.1180,38.6674,-2.200,2.750
 2.1190,38.6795,-2.350,2.750
 2.1200,38.6964,-2.300,2.750
 2.1210,38.7085,-2.350,2.750
 2.1220,38.7288,-2.350,2.750
 2.1230,38.7277,-2.350,2.750
 2.1240,38.7503,-2.200,2.700
 2.1250,38.7347,-2.200,2.700
 2.1260,38.7666,-2.200,2.700
 2.1270,38.7895,-2.300,2.700
 2.1280,38.7975,-2.250,2.700
 2.1290,38.8010,-2.250,2.700
 2.1300,38.8220,-2.250,2.700
 2.1310,38.8327,-2.350,2.700
 2.1320,38.8620,-2.350,2.700
 2.1330,38.8679,-2.350,2.700
 2.1340,38.8741,-2.400,2.700
 2.1350,38.8956,-2.250,2.650
 2.1360,38.9251,-2.200,2.650
 2.1370,38.9329,-2.200,2.650
 2.1380,38.9253,-2.250,2.650
 2.1390,38.9416,-2.250,2.650
 2.1400,38.9520,-2.350,2.650
 2.1410,38.9560,-2.400,2.650
 2.1420,38.9697,-2.350,2.650
 2.1430,38.9737,-2.200,2.600
 2.1440,38.9967,-2.200,2.600
 2.1450,39.0220,-2.200,2.600
 2.1460,39.0324,-2.250,2.600
 2.1470,39.0449,-2.250,2.600
 2.1480,39.0647,-2.250,2.600
 2.1490,39.0694,-2.300,2.600
 2.1500,39.0884,-2.350,2.600
 2.1510,39.1090,-2.200,2.550
 2.1520,39.1521,-2.200,2.550
 2.1530,39.1352,-2.200,2.550
 2.1540,39.1621,-2.250,2.550
 2.1550,39.1779,-2.250,2.550
 2.1560,39.2207,-2.250,2.550
 2.1570,39.2179,-2.300,2.550
 2.1580,39.2081,-2.250,2.550
 2.1590,39.2305,-2.350,2.550
 2.1600,39.2343,-2.200,2.500
 2.1610,39.2514,-2.200,2.500
 2.1620,39.2776,-2.200,2.500
 2.1630,39.2911,-2.300,2.500
 2.1640,39.3226,-2.200,2.500
 2.1650,39.3274,-2.300,2.500
 2.1660,39.3464,-2.250,2.500
 2.1670,39.3576,-2.350,2.500
 2.1680,39.3565,-2.350,2.500
 2.1690,39.3652,-2.350,2.500
 2.1700,39.3888,-2.200,2.450
 2.1710,39.4220,-2.200,2.450
 2.1720,39.4116,-2.250,2.450
 2.1730,39.4576,-2.250,2.450
 2.1740,39.4504,-2.250,2.450
 2.1750,39.4616,-2.300,2.450
 2.1760,39.4900,-2.300,2.450
 2.1770,39.4818,-2.300,2.450
 2.1780,39.4854,-2.300,2.450
 2.1790,39.5217,-2.200,2.400
 2.1800,39.5399,-2.250,2.400
 2.1810,39.5369,-2.250,2.400
 2.1820,39.5747,-2.250,2.400
 2.1830,39.5863,-2.250,2.400
 2.1840,39.5957,-2.350,2.400
 2.1850,39.6047,-2.350,2.400
 2.1860,39.6237,-2.350,2.400
 2.1870,39.6126,-2.300,2.400
 2.1880,39.6226,-2.200,2.350
 2.1890,39.6543,-2.200,2.350
 2.1900,39.6708,-2.250,2.350
 2.1910,39.6716,-2.250,2.350
 2.1920,39.6933,-2.250,2.350
 2.1930,39.7035,-2.350,2.350
 2.1940,39.7157,-2.350,2.350
 2.1950,39.7170,-2.300,2.350
 2.1960,39.7299,-2.300,2.350
 2.1970,39.7494,-2.200,2.300
 2.1980,39.7545,-2.250,2.300
 2.1990,39.7613,-2.200,2.300
 2.2000,39.7846,-2.250,2.300
 2.2010,39.8025,-2.300,2.300
 2.2020,39.8147,-2.300,2.300
 2.2030,39.8239,-2.250,2.300
 2.2040,39.8340,-2.350,2.300
 2.2050,39.8456,-2.350,2.300
 2.2060,39.8590,-2.350,2.300
 2.2070,39.8579,-2.350,2.300
 2.2080,39.8802,-2.200,2.250
 2.2090,39.8879,-2.250,2.250
 2.2100,39.9130,-2.250,2.250
 2.2110,39.9215,-2.300,2.250
 2.2120,39.9482,-2.050,2.200
 2.2130,39.9402,-2.300,2.250
 2.2140,39.9661,-2.100,2.200
 2.2150,39.9746,-2.100,2.200
 2.2160,39.9887,-2.100,2.200
 2.2170,39.9840,-2.200,2.200
 2.2180,40.0165,-2.150,2.200
 2.2190,40.0301,-2.250,2.200
 2.2200,40.0403,-2.300,2.200
 2.2210,40.0514,-2.250,2.200
 2.2220,40.1287,-2.100,2.200
 2.2230,40.1228,-2.150,2.150
 2.2240,40.1061,-2.150,2.150
 2.2250,40.1391,-2.200,2.200
 2.2260,40.0992,-2.150,2.150
 2.2270,40.1330,-2.200,2.150
 2.2280,40.1800,-2.250,2.150
 2.2290,40.1559,-2.300,2.150
 2.2300,40.1878,-2.300,2.150
 2.2310,40.1813,-2.350,2.150
 2.2320,40.1715,-2.400,2.150
 2.2330,40.2096,-2.350,2.150
 2.2340,40.2127,-2.150,2.100
 2.2350,40.2195,-2.200,2.100
 2.2360,40.2299,-2.200,2.100
 2.2370,40.2403,-2.300,2.100
 2.2380,40.2497,-2.350,2.100
 2.2390,40.2802,-2.300,2.100
 2.2400,40.2846,-2.350,2.100
 2.2410,40.2856,-2.350,2.100
 2.2420,40.3073,-2.150,2.050
 2.2430,40.3154,-2.150,2.050
 2.2440,40.3416,-2.200,2.050
 2.2450,40.3520,-2.200,2.050
 2.2460,40.3615,-2.300,2.050
 2.2470,40.3638,-2.300,2.050
 2.2480,40.3629,-2.350,2.050
 2.2490,40.3867,-2.350,2.050
 2.2500,40.3792,-2.400,2.050
 2.2510,40.4151,-2.200,2.000
 2.2520,40.4385,-2.200,2.000
 2.2530,40.4450,-2.200,2.000
 2.2540,40.4531,-2.300,2.000
 2.2550,40.4712,-2.250,2.000
 2.2560,40.4794,-2.300,2.000
 2.2570,40.4907,-2.300,2.000
 2.2580,40.4809,-2.300,2.000
 2.2590,40.4891,-2.200,1.950
 2.2600,40.4980,-2.350,2.000
 2.2610,40.5291,-2.250,1.950
 2.2620,40.5330,-2.200,1.950
 2.2630,40.5490,-2.250,1.950
 2.2640,40.5664,-2.300,1.950
 2.2650,40.5724,-2.300,1.950
 2.2660,40.5870,-2.350,1.950
 2.2670,40.5941,-2.350,1.950
 2.2680,40.5977,-2.200,1.900
 2.2690,40.6147,-2.200,1.900
 2.2700,40.6352,-2.200,1.900
 2.2710,40.6518,-2.250,1.900
 2.2720,40.6597,-2.200,1.900
 2.2730,40.6685,-2.350,1.900
 2.2740,40.6822,-2.350,1.900
 2.2750,40.6845,-2.350,1.900
 2.2760,40.6971,-2.300,1.900
 2.2770,40.7003,-2.200,1.850
 2.2780,40.7229,-2.200,1.850
 2.2790,40.7431,-2.200,1.850
 2.2800,40.7550,-2.200,1.850
 2.2810,40.7630,-2.250,1.850
 2.2820,40.7848,-2.250,1.850
 2.2830,40.7886,-2.250,1.850
 2.2840,40.7920,-2.350,1.850
 2.2850,40.7998,-2.350,1.850
 2.2860,40.8140,-2.200,1.800
 2.2870,40.8210,-2.250,1.800
 2.2880,40.8364,-2.250,1.800
 2.2890,40.8604,-2.200,1.800
 2.2900,40.8662,-2.250,1.800
 2.2910,40.8814,-2.250,1.800
 2.2920,40.9066,-2.300,1.800
 2.2930,40.9048,-2.300,1.800
 2.2940,40.9089,-2.350,1.800
 2.2950,40.9123,-2.350,1.800
 2.2960,40.9390,-2.200,1.750
 2.2970,40.9449,-2.200,1.750
 2.2980,40.9538,-2.250,1.750
 2.2990,40.9764,-2.200,1.750
 2.3000,40.9899,-2.300,1.750
 2.3010,40.9947,-2.350,1.750
 2.3020,40.9992,-2.300,1.750
 2.3030,41.0139,-2.350,1.750
 2.3040,41.0267,-2.200,1.700
 2.3050,41.0455,-2.200,1.700
 2.3060,41.0538,-2.200,1.700
 2.3070,41.0643,-2.200,1.700
 2.3080,41.0853,-2.300,1.700
 2.3090,41.0970,-2.350,1.700
 2.3100,41.0798,-2.350,1.700
 2.3110,41.1006,-2.350,1.700
 2.3120,41.1079,-2.200,1.650
 2.3130,41.1312,-2.200,1.650
 2.3140,41.1472,-2.200,1.650
 2.3150,41.1602,-2.250,1.650
 2.3160,41.1620,-2.250,1.650
 2.3170,41.1817,-2.300,1.650
 2.3180,41.1993,-2.350,1.650
 2.3190,41.1900,-2.300,1.650
 2.3200,41.2060,-2.200,1.600
 2.3210,41.2098,-2.350,1.650
 2.3220,41.2447,-2.200,1.600
 2.3230,41.2539,-2.200,1.600
 2.3240,41.2610,-2.250,1.600
 2.3250,41.2710,-2.300,1.600
 2.3260,41.2848,-2.300,1.600
 2.3270,41.2771,-2.350,1.600
 2.3280,41.3086,-2.350,1.600
 2.3290,41.3001,-2.350,1.600
 2.3300,41.3469,-2.200,1.550
 2.3310,41.3338,-2.250,1.550
 2.3320,41.3651,-2.250,1.550
 2.3330,41.3624,-2.300,1.550
 2.3340,41.3757,-2.350,1.550
 2.3350,41.3992,-2.250,1.550
 2.3360,41.4060,-2.300,1.550
 2.3370,41.4045,-2.300,1.550
 2.3380,41.4265,-2.200,1.500
 2.3390,41.4411,-2.250,1.500
 2.3400,41.4545,-2.250,1.500
 2.3410,41.4738,-2.250,1.500
 2.3420,41.4702,-2.300,1.500
 2.3430,41.4831,-2.250,1.500
 2.3440,41.5092,-2.300,1.500
 2.3450,41.5039,-2.150,1.450
 2.3460,41.5129,-2.150,1.450
 2.3470,41.5244,-2.150,1.450
 2.3480,41.5385,-2.150,1.450
 2.3490,41.5655,-2.250,1.450
 2.3500,41.5691,-2.200,1.450
 2.3510,41.5848,-2.200,1.450
 2.3520,41.5843,-2.250,1.450
 2.3530,41.5938,-2.150,1.400
 2.3540,41.6015,-2.150,1.400
 2.3550,41.6206,-2.300,1.450
 2.3560,41.6352,-2.150,1.400
 2.3570,41.6598,-2.200,1.400
 2.3580,41.6680,-2.200,1.400
 2.3590,41.6570,-2.250,1.400
 2.3600,41.6756,-2.200,1.400
 2.3610,41.7070,-2.300,1.400
 2.3620,41.7148,-2.350,1.400
 2.3630,41.7121,-2.150,1.350
 2.3640,41.7412,-2.150,1.350
 2.3650,41.7510,-2.200,1.350
 2.3660,41.7491,-2.200,1.350
 2.3670,41.7629,-2.250,1.350
 2.3680,41.7683,-2.200,1.350
 2.3690,41.7840,-2.250,1.350
 2.3700,41.7976,-2.350,1.350
 2.3710,41.8096,-2.300,1.350
 2.3720,41.8209,-2.150,1.300
 2.3730,41.8390,-2.200,1.300
 2.3740,41.8422,-2.150,1.300
 2.3750,41.8593,-2.200,1.300
 2.3760,41.8838,-2.200,1.300
 2.3770,41.8783,-2.250,1.300
 2.3780,41.8943,-2.250,1.300
 2.3790,41.9011,-2.350,1.300
 2.3800,41.9125,-2.350,1.300
 2.3810,41.9163,-2.400,1.300
 2.3820,41.9467,-2.200,1.250
 2.3830,41.9521,-2.200,1.250
 2.3840,41.9607,-2.200,1.250
 2.3850,41.9705,-2.350,1.250
 2.3860,41.9896,-2.300,1.250
 2.3870,41.9981,-2.350,1.250
 2.3880,42.0096,-1.900,1.150
 2.3890,42.0361,-1.900,1.150
 2.3900,42.0468,-1.900,1.150
 2.3910,42.0581,-1.900,1.150
 2.3920,42.0674,-2.200,1.200
 2.3930,42.0663,-1.950,1.150
 2.3940,42.0771,-2.250,1.200
 2.3950,42.0866,-2.100,1.150
 2.3960,42.0917,-2.300,1.200
 2.3970,42.1223,-2.100,1.150
 2.3980,42.1262,-1.900,1.100
 2.3990,42.3246,-2.050,1.150
 2.4000,42.2290,-2.100,1.100
 2.4010,42.2460,-1.900,1.100
 2.4020,42.1564,-2.300,1.150
 2.4030,42.2741,-2.200,1.150
 2.4040,42.1779,-2.050,1.100
 2.4050,42.1831,-2.350,1.150
 2.4060,42.1858,-2.150,1.100
 2.4070,42.1934,-2.200,1.100
 2.4080,42.2138,-2.250,1.100
 2.4090,42.2634,-2.300,1.150
 2.4100,42.2371,-2.300,1.100
 2.4110,42.2427,-2.250,1.100
 2.4120,42.2361,-2.300,1.100
 2.4130,42.2401,-2.350,1.100
 2.4140,42.2717,-2.150,1.050
 2.4150,42.2629,-2.150,1.050
 2.4160,42.2855,-2.200,1.050
 2.4170,42.2974,-2.200,1.050
 2.4180,42.3013,-2.300,1.050
 2.4190,42.3140,-2.300,1.050
 2.4200,42.3176,-2.300,1.050
 2.4210,42.3267,-2.350,1.050
 2.4220,42.3466,-2.150,1.000
 2.4230,42.3524,-2.200,1.000
 2.4240,42.3754,-2.150,1.000
 2.4250,42.3839,-2.200,1.000
 2.4260,42.4052,-2.250,1.000
 2.4270,42.3976,-2.250,1.000
 2.4280,42.3993,-2.350,1.000
 2.4290,42.4105,-2.350,1.000
 2.4300,42.4409,-2.350,1.000
 2.4310,42.4277,-2.200,0.950
 2.4320,42.4515,-2.200,0.950
 2.4330,42.4640,-2.200,0.950
 2.4340,42.4706,-2.200,0.950
 2.4350,42.4839,-2.250,0.950
 2.4360,42.4837,-2.300,0.950
 2.4370,42.5048,-2.300,0.950
 2.4380,42.5160,-2.350,0.950
 2.4390,42.5051,-2.200,0.900
 2.4400,42.5173,-2.200,0.900
 2.4410,42.5562,-2.200,0.900
 2.4420,42.5687,-2.200,0.900
 2.4430,42.5718,-2.300,0.900
 2.4440,42.5843,-2.250,0.900
 2.4450,42.5816,-2.300,0.900
 2.4460,42.5967,-2.350,0.900
 2.4470,42.6001,-2.350,0.900
 2.4480,42.6050,-2.200,0.850
 2.4490,42.6203,-2.250,0.850
 2.4500,42.6483,-2.200,0.850
 2.4510,42.6440,-2.200,0.850
 2.4520,42.6568,-2.200,0.850
 2.4530,42.6776,-2.250,0.850
 2.4540,42.6799,-2.350,0.850
 2.4550,42.6769,-2.350,0.850
 2.4560,42.6899,-2.400,0.850
 2.4570,42.6985,-2.200,0.800
 2.4580,42.7175,-2.200,0.800
 2.4590,42.7336,-2.250,0.800
 2.4600,42.7421,-2.250,0.800
 2.4610,42.7590,-2.300,0.800
 2.4620,42.7633,-2.350,0.800
 2.4630,42.7624,-2.350,0.800
 2.4640,42.7860,-2.150,0.750
 2.4650,42.8031,-2.150,0.750
 2.4660,42.8088,-2.200,0.750
 2.4670,42.8245,-2.250,0.750
 2.4680,42.8201,-2.250,0.750
 2.4690,42.8324,-2.300,0.750
 2.4700,42.8431,-2.300,0.750
 2.4710,42.8505,-2.350,0.750
 2.4720,42.8515,-2.150,0.700
 2.4730,42.8804,-2.150,0.700
 2.4740,42.8944,-2.150,0.700
 2.4750,42.9083,-2.200,0.700
 2.4760,42.9103,-2.200,0.700
 2.4770,42.9168,-2.300,0.700
 2.4780,42.9243,-2.300,0.700
 2.4790,42.9391,-2.350,0.700
 2.4800,42.9439,-2.150,0.650
 2.4810,42.9682,-2.150,0.650
 2.4820,42.9715,-2.250,0.650
 2.4830,42.9855,-2.200,0.650
 2.4840,43.0041,-2.250,0.650
 2.4850,42.9898,-2.200,0.650
 2.4860,43.0067,-2.250,0.650
 2.4870,43.0090,-2.350,0.650
 2.4880,43.0129,-2.300,0.650
 2.4890,43.0430,-2.150,0.600
 2.4900,43.0631,-2.150,0.600
 2.4910,43.0614,-2.200,0.600
 2.4920,43.0710,-2.250,0.600
 2.4930,43.0858,-2.250,0.600
 2.4940,43.0879,-2.250,0.600
 2.4950,43.1035,-2.350,0.600
 2.4960,43.1055,-2.350,0.600
 2.4970,43.0994,-2.300,0.600
 2.4980,43.1143,-2.300,0.600
 2.4990,43.1389,-2.200,0.550
 2.5000,43.1451,-2.200,0.550
 2.5010,43.1690,-2.250,0.550
 2.5020,43.1629,-2.300,0.550
 2.5030,43.1705,-2.350,0.550
 2.5040,43.1709,-2.250,0.550
 2.5050,43.1876,-2.300,0.550
 2.5060,43.1993,-2.350,0.550
 2.5070,43.2078,-2.350,0.550
 2.5080,43.2185,-2.250,0.500
 2.5090,43.2260,-2.200,0.500
 2.5100,43.2406,-2.300,0.500
 2.5110,43.2571,-2.250,0.500
 2.5120,43.2534,-2.200,0.500
 2.5130,43.2670,-2.300,0.500
 2.5140,43.2680,-2.300,0.500
 2.5150,43.2906,-2.350,0.500
 2.5160,43.3052,-2.200,0.450
 2.5170,43.3172,-2.200,0.450
 2.5180,43.3102,-2.250,0.450
 2.5190,43.3385,-2.300,0.450
 2.5200,43.3274,-2.350,0.450
 2.5210,43.3482,-2.250,0.450
 2.5220,43.3510,-2.350,0.450
 2.5230,43.3693,-2.350,0.450
 2.5240,43.3696,-2.200,0.400
 2.5250,43.3811,-2.200,0.400
 2.5260,43.4126,-2.200,0.400
 2.5270,43.4079,-2.250,0.400
 2.5280,43.4187,-2.250,0.400
 2.5290,43.4379,-2.250,0.400
 2.5300,43.4358,-2.150,0.350
 2.5310,43.4469,-2.300,0.400
 2.5320,43.4605,-2.150,0.350
 2.5330,43.4730,-2.150,0.350
 2.5340,43.4882,-2.150,0.350
 2.5350,43.4964,-2.250,0.350
 2.5360,43.5014,-2.200,0.350
 2.5370,43.5112,-2.200,0.350
 2.5380,43.5112,-2.200,0.350
 2.5390,43.5121,-2.300,0.350
 2.5400,43.5489,-2.150,0.300
 2.5410,43.5352,-2.150,0.300
 2.5420,43.5437,-2.150,0.300
 2.5430,43.5634,-2.150,0.300
 2.5440,43.5575,-2.150,0.300
 2.5450,43.5706,-2.200,0.300
 2.5460,43.5819,-2.200,0.300
 2.5470,43.5856,-2.250,0.300
 2.5480,43.5988,-2.350,0.300
 2.5490,43.6045,-2.350,0.300
 2.5500,43.6164,-2.200,0.250
 2.5510,43.6180,-2.200,0.250
 2.5520,43.6386,-2.200,0.250
 2.5530,43.6208,-2.300,0.250
 2.5540,43.6436,-2.250,0.250
 2.5550,43.6555,-2.350,0.250
 2.5560,43.6597,-2.250,0.250
 2.5570,43.6630,-2.350,0.250
 2.5580,43.6779,-2.350,0.250
 2.5590,43.6992,-2.200,0.200
 2.5600,43.6811,-2.250,0.200
 2.5610,43.6994,-2.200,0.200
 2.5620,43.7195,-2.200,0.200
 2.5630,43.7165,-2.300,0.200
 2.5640,43.7232,-2.250,0.200
 2.5650,43.7312,-2.300,0.200
 2.5660,43.7417,-2.350,0.200
 2.5670,43.7469,-2.350,0.200
 2.5680,43.7620,-2.200,0.150
 2.5690,43.7637,-2.200,0.150
 2.5700,43.7843,-2.200,0.150
 2.5710,43.7798,-2.350,0.150
 2.5720,43.7988,-2.300,0.150
 2.5730,43.8150,-2.350,0.150
 2.5740,43.8163,-2.350,0.150
 2.5750,43.8095,-2.200,0.100
 2.5760,43.8353,-2.200,0.100
 2.5770,43.8393,-2.200,0.100
 2.5780,43.8502,-2.250,0.100
 2.5790,43.8626,-2.200,0.100
 2.5800,43.8678,-2.250,0.100
 2.5810,43.8737,-2.350,0.100
 2.5820,43.8778,-2.300,0.100
 2.5830,43.8914,-2.350,0.100
 2.5840,43.9001,-2.350,0.100
 2.5850,43.9042,-2.350,0.100
 2.5860,43.9099,-2.250,0.050
 2.5870,43.9159,-2.250,0.050
 2.5880,43.9289,-2.250,0.050
 2.5890,43.9324,-2.300,0.050
 2.5900,43.9612,-2.300,0.050
 2.5910,43.9569,-2.350,0.050
 2.5920,43.9603,-2.350,0.050
 2.5930,43.9579,-2.350,0.050
 2.5940,43.9697,-2.400,0.050
 2.5950,43.9710,-2.200,0.000
 2.5960,43.9852,-2.200,0.000
 2.5970,43.9820,-2.300,0.000
 2.5980,44.0028,-2.300,0.000
 2.5990,44.0082,-2.300,0.000
 2.6000,44.0054,-2.300,0.000
 2.6010,44.0223,-2.350,0.000
 2.6020,44.0401,-2.200,-0.050
 2.6030,44.0448,-2.050,-0.100
 2.6040,44.0562,-2.000,-0.100
 2.6050,44.0780,-2.000,-0.100
 2.6060,44.1029,-2.050,-0.100
 2.6070,44.0826,-2.050,-0.100
 2.6080,44.1343,-2.100,-0.100
 2.6090,44.1404,-2.100,-0.100
 2.6100,44.2238,-2.150,-0.100
 2.6110,44.1467,-2.200,-0.100
 2.6120,44.1458,-2.200,-0.100
 2.6130,44.1413,-2.250,-0.100
 2.6140,44.1547,-2.000,-0.150
 2.6150,44.2234,-2.250,-0.100
 2.6160,44.1692,-2.100,-0.150
 2.6170,44.1776,-2.350,-0.100
 2.6180,44.1990,-2.100,-0.150
 2.6190,44.1807,-2.200,-0.150
 2.6200,44.2012,-2.150,-0.150
 2.6210,44.2119,-2.250,-0.150
 2.6220,44.2637,-2.350,-0.150
 2.6230,44.2316,-2.300,-0.150
 2.6240,44.2289,-2.150,-0.200
 2.6250,44.2485,-2.350,-0.150
 2.6260,44.2564,-2.150,-0.200
 2.6270,44.2570,-2.200,-0.200
 2.6280,44.2789,-2.150,-0.200
 2.6290,44.2879,-2.200,-0.200
 2.6300,44.2926,-2.250,-0.200
 2.6310,44.2963,-2.300,-0.200
 2.6320,44.3053,-2.350,-0.200
 2.6330,44.3067,-2.350,-0.200
 2.6340,44.3231,-2.150,-0.250
 2.6350,44.3372,-2.200,-0.250
 2.6360,44.3427,-2.200,-0.250
 2.6370,44.3518,-2.200,-0.250
 2.6380,44.3533,-2.300,-0.250
 2.6390,44.3800,-2.250,-0.250
 2.6400,44.3642,-2.350,-0.250
 2.6410,44.3909,-2.350,-0.250
 2.6420,44.3772,-2.150,-0.300
 2.6430,44.3973,-2.200,-0.300
 2.6440,44.4175,-2.150,-0.300
 2.6450,44.4327,-2.200,-0.300
 2.6460,44.4327,-2.150,-0.300
 2.6470,44.4324,-2.250,-0.300
 2.6480,44.4523,-2.300,-0.300
 2.6490,44.4457,-2.250,-0.300
 2.6500,44.4507,-2.150,-0.350
 2.6510,44.4797,-2.150,-0.350
 2.6520,44.5033,-2.150,-0.350
 2.6530,44.5072,-2.200,-0.350
 2.6540,44.4936,-2.000,-0.400
 2.6550,44.5301,-2.000,-0.400
 2.6560,44.5229,-2.300,-0.350
 2.6570,44.5171,-2.250,-0.350
 2.6580,44.5387,-2.000,-0.400
 2.6590,44.5550,-2.100,-0.400
 2.6600,44.5211,-2.250,-0.400
 2.6610,44.5502,-2.100,-0.400
 2.6620,44.5031,-2.350,-0.400
 2.6630,44.5591,-2.150,-0.400
 2.6640,44.5293,-2.100,-0.400
 2.6650,44.5365,-2.000,-0.450
 2.6660,44.5503,-2.050,-0.450
 2.6670,44.5513,-2.100,-0.450
 2.6680,44.5611,-2.050,-0.450
 2.6690,44.5580,-2.150,-0.450
 2.6700,44.6052,-2.300,-0.450
 2.6710,44.5693,-2.250,-0.450
 2.6720,44.6202,-2.100,-0.450
 2.6730,44.6583,-2.300,-0.450
 2.6740,44.6756,-2.300,-0.450
 2.6750,44.6707,-2.300,-0.450
 2.6760,44.6758,-2.400,-0.450
 2.6770,44.6741,-2.300,-0.450
 2.6780,44.6937,-2.350,-0.450
 2.6790,44.7201,-2.150,-0.500
 2.6800,44.7175,-2.250,-0.500
 2.6810,44.7058,-2.150,-0.500
 2.6820,44.6943,-2.400,-0.500
 2.6830,44.7155,-2.400,-0.500
 2.6840,44.7480,-2.150,-0.550
 2.6850,44.7444,-2.200,-0.550
 2.6860,44.7769,-2.150,-0.550
 2.6870,44.7961,-2.200,-0.550
 2.6880,44.8022,-2.200,-0.550
 2.6890,44.7970,-2.250,-0.550
 2.6900,44.7955,-2.250,-0.550
 2.6910,44.8060,-2.350,-0.550
 2.6920,44.8017,-2.350,-0.550
 2.6930,44.8316,-2.150,-0.600
 2.6940,44.8485,-2.150,-0.600
 2.6950,44.8406,-2.150,-0.600
 2.6960,44.8646,-2.200,-0.600
 2.6970,44.8562,-2.300,-0.600
 2.6980,44.8741,-2.250,-0.600
 2.6990,44.8758,-2.200,-0.600
 2.7000,44.8933,-2.300,-0.600
 2.7010,44.8964,-2.300,-0.600
 2.7020,44.8936,-2.300,-0.600
 2.7030,44.9082,-2.150,-0.650
 2.7040,44.9101,-2.150,-0.650
 2.7050,44.9257,-2.250,-0.650
 2.7060,44.9383,-2.200,-0.650
 2.7070,44.9349,-2.150,-0.650
 2.7080,44.9358,-2.200,-0.650
 2.7090,44.9577,-2.300,-0.650
 2.7100,44.9589,-2.150,-0.700
 2.7110,44.9714,-2.150,-0.700
 2.7120,44.9733,-2.200,-0.700
 2.7130,44.9881,-2.200,-0.700
 2.7140,44.9960,-2.150,-0.700
 2.7150,44.9917,-2.150,-0.700
 2.7160,45.0216,-2.250,-0.700
 2.7170,45.0195,-2.250,-0.700
 2.7180,45.0170,-2.300,-0.700
 2.7190,45.0357,-2.350,-0.700
 2.7200,45.0294,-2.300,-0.700
 2.7210,45.0396,-2.200,-0.750
 2.7220,45.0498,-2.150,-0.750
 2.7230,45.0535,-2.200,-0.750
 2.7240,45.0720,-2.150,-0.750
 2.7250,45.0815,-2.300,-0.750
 2.7260,45.0938,-2.300,-0.750
 2.7270,45.0869,-2.250,-0.750
 2.7280,45.0982,-2.300,-0.750
 2.7290,45.1025,-2.350,-0.750
 2.7300,45.0927,-2.250,-0.800
 2.7310,45.1048,-2.250,-0.800
 2.7320,45.1374,-2.200,-0.800
 2.7330,45.1271,-2.250,-0.800
 2.7340,45.1507,-2.300,-0.800
 2.7350,45.1301,-2.150,-0.850
 2.7360,45.1691,-2.150,-0.850
 2.7370,45.1767,-2.300,-0.800
 2.7380,45.1737,-2.150,-0.850
 2.7390,45.1784,-2.200,-0.850
 2.7400,45.1927,-2.150,-0.850
 2.7410,45.2195,-2.150,-0.850
 2.7420,45.2247,-2.200,-0.850
 2.7430,45.2202,-2.050,-0.900
 2.7440,45.2416,-2.050,-0.900
 2.7450,45.2420,-2.100,-0.900
 2.7460,45.2413,-2.100,-0.900
 2.7470,45.2482,-2.200,-0.900
 2.7480,45.2651,-2.200,-0.900
 2.7490,45.2373,-2.050,-0.950
 2.7500,45.2721,-2.050,-0.950
 2.7510,45.2851,-2.200,-0.900
 2.7520,45.2993,-2.050,-0.950
 2.7530,45.3031,-2.100,-0.950
 2.7540,45.3061,-2.100,-0.950
 2.7550,45.3196,-2.050,-0.950
 2.7560,45.3133,-2.150,-0.950
 2.7570,45.3327,-2.200,-0.950
 2.7580,45.3184,-2.100,-0.950
 2.7590,45.2553,-2.050,-0.950
 2.7600,45.2691,-2.250,-0.950
 2.7610,45.3613,-2.300,-0.950
 2.7620,45.3862,-2.300,-0.950
 2.7630,45.3551,-2.250,-0.950
 2.7640,45.3000,-2.150,-1.000
 2.7650,45.3487,-2.350,-0.950
 2.7660,45.3326,-2.350,-0.950
 2.7670,45.3263,-2.200,-1.000
 2.7680,45.4204,-2.250,-1.000
 2.7690,45.3374,-2.250,-1.000
 2.7700,45.4218,-2.250,-1.000
 2.7710,45.4178,-2.300,-1.000
 2.7720,45.4342,-2.350,-1.000
 2.7730,45.4068,-2.300,-1.000
 2.7740,45.3732,-2.300,-1.050
 2.7750,45.4256,-2.250,-1.050
 2.7760,45.3856,-2.200,-1.050
 2.7770,45.4358,-2.350,-1.050
 2.7780,45.4290,-2.300,-1.050
 2.7790,45.4079,-2.300,-1.050
 2.7800,45.4399,-2.200,-1.100
 2.7810,45.4273,-2.350,-1.050
 2.7820,45.4213,-2.200,-1.100
 2.7830,45.4539,-2.450,-1.050
 2.7840,45.4524,-2.200,-1.100
 2.7850,45.4644,-2.200,-1.100
 2.7860,45.4653,-2.250,-1.100
 2.7870,45.4675,-2.250,-1.100
 2.7880,45.4821,-2.300,-1.100
 2.7890,45.4894,-2.350,-1.100
 2.7900,45.5205,-2.200,-1.150
 2.7910,45.4766,-2.350,-1.100
 2.7920,45.4887,-2.200,-1.150
 2.7930,45.5018,-2.200,-1.150
 2.7940,45.5171,-2.200,-1.150
 2.7950,45.5249,-2.200,-1.150
 2.7960,45.5328,-2.250,-1.150
 2.7970,45.6006,-2.150,-1.200
 2.7980,45.6073,-2.150,-1.200
 2.7990,45.5399,-2.350,-1.150
 2.8000,45.5547,-2.150,-1.200
 2.8010,45.6612,-2.150,-1.200
 2.8020,45.6291,-2.300,-1.200
 2.8030,45.6694,-2.300,-1.200
 2.8040,45.6718,-2.250,-1.200
 2.8050,45.6363,-2.150,-1.250
 2.8060,45.6926,-2.300,-1.200
 2.8070,45.6814,-2.150,-1.250
 2.8080,45.7024,-2.300,-1.200
 2.8090,45.7159,-2.150,-1.250
 2.8100,45.7230,-2.200,-1.250
 2.8110,45.7224,-2.150,-1.250
 2.8120,45.7340,-2.200,-1.250
 2.8130,45.7471,-2.300,-1.250
 2.8140,45.7422,-2.350,-1.250
 2.8150,45.7553,-2.350,-1.250
 2.8160,45.7592,-2.150,-1.300
 2.8170,45.7649,-2.350,-1.250
 2.8180,45.7791,-2.150,-1.300
 2.8190,45.7876,-2.150,-1.300
 2.8200,45.7887,-2.200,-1.300
 2.8210,45.8050,-2.200,-1.300
 2.8220,45.8001,-2.250,-1.300
 2.8230,45.8175,-2.200,-1.300
 2.8240,45.8127,-2.300,-1.300
 2.8250,45.8184,-2.300,-1.300
 2.8260,45.8243,-2.150,-1.350
 2.8270,45.8447,-2.150,-1.350
 2.8280,45.8576,-2.150,-1.350
 2.8290,45.8558,-2.200,-1.350
 2.8300,45.8645,-2.250,-1.350
 2.8310,45.8676,-2.250,-1.350
 2.8320,45.8741,-2.350,-1.350
 2.8330,45.8719,-2.250,-1.350
 2.8340,45.8945,-2.150,-1.400
 2.8350,45.8931,-2.150,-1.400
 2.8360,45.9290,-2.150,-1.400
 2.8370,45.9146,-2.100,-1.400
 2.8380,45.9124,-2.150,-1.400
 2.8390,45.9212,-2.200,-1.400
 2.8400,45.9224,-2.150,-1.400
 2.8410,45.9415,-2.250,-1.400
 2.8420,45.9352,-2.300,-1.400
 2.8430,45.9210,-2.100,-1.450
 2.8440,45.8921,-2.100,-1.450
 2.8450,45.9219,-2.300,-1.400
 2.8460,45.9123,-2.100,-1.450
 2.8470,45.9291,-2.200,-1.450
 2.8480,45.9210,-2.200,-1.450
 2.8490,45.9315,-2.200,-1.450
 2.8500,45.9503,-2.200,-1.450
 2.8510,45.9467,-2.050,-1.500
 2.8520,45.9600,-2.050,-1.500
 2.8530,45.9443,-2.050,-1.500
 2.8540,45.9874,-2.150,-1.500
 2.8550,45.9930,-2.150,-1.500
 2.8560,45.9747,-2.100,-1.500
 2.8570,46.0659,-2.100,-1.550
 2.8580,46.0001,-2.150,-1.500
 2.8590,46.0143,-2.050,-1.550
 2.8600,46.0174,-2.050,-1.550
 2.8610,46.1660,-2.200,-1.500
 2.8620,46.0112,-2.100,-1.550
 2.8630,46.0307,-2.100,-1.550
 2.8640,46.1584,-2.250,-1.500
 2.8650,46.0239,-2.200,-1.550
 2.8660,46.0336,-2.150,-1.550
 2.8670,46.0473,-2.200,-1.550
 2.8680,46.1989,-2.300,-1.550
 2.8690,46.0565,-2.250,-1.550
 2.8700,46.0618,-2.300,-1.550
 2.8710,46.0590,-2.300,-1.550
 2.8720,46.0817,-2.150,-1.600
 2.8730,46.0856,-2.150,-1.600
 2.8740,46.0934,-2.200,-1.600
 2.8750,46.0885,-2.150,-1.600
 2.8760,46.1136,-2.200,-1.600
 2.8770,46.1172,-2.200,-1.600
 2.8780,46.1271,-2.350,-1.600
 2.8790,46.1258,-2.300,-1.600
 2.8800,46.1421,-2.350,-1.600
 2.8810,46.1307,-2.200,-1.650
 2.8820,46.1422,-2.350,-1.600
 2.8830,46.1634,-2.200,-1.650
 2.8840,46.1697,-2.200,-1.650
 2.8850,46.1752,-2.200,-1.650
 2.8860,46.1876,-2.300,-1.650
 2.8870,46.1871,-2.000,-1.700
 2.8880,46.2116,-2.100,-1.700
 2.8890,46.2088,-2.350,-1.650
 2.8900,46.3930,-2.050,-1.700
 2.8910,46.2168,-2.050,-1.700
 2.8920,46.2531,-2.200,-1.700
 2.8930,46.2392,-2.100,-1.700
 2.8940,46.3055,-2.250,-1.650
 2.8950,46.4268,-2.150,-1.700
 2.8960,46.3429,-2.450,-1.650
 2.8970,46.2756,-2.050,-1.750
 2.8980,46.2934,-2.350,-1.700
 2.8990,46.3608,-2.350,-1.750
 2.9000,46.2910,-2.150,-1.750
 2.9010,46.2968,-2.200,-1.750
 2.9020,46.3208,-2.200,-1.750
 2.9030,46.3176,-2.250,-1.750
 2.9040,46.3147,-2.250,-1.750
 2.9050,46.3336,-2.300,-1.750
 2.9060,46.3359,-2.350,-1.750
 2.9070,46.3449,-2.350,-1.750
 2.9080,46.3283,-2.150,-1.800
 2.9090,46.3516,-2.150,-1.800
 2.9100,46.3522,-2.150,-1.800
 2.9110,46.3750,-2.200,-1.800
 2.9120,46.3749,-2.250,-1.800
 2.9130,46.3758,-2.300,-1.800
 2.9140,46.3849,-2.300,-1.800
 2.9150,46.3763,-2.350,-1.800
 2.9160,46.3953,-2.350,-1.800
 2.9170,46.3771,-2.300,-1.800
 2.9180,46.3818,-2.350,-1.800
 2.9190,46.3915,-2.350,-1.800
 2.9200,46.3795,-2.350,-1.800
 2.9210,46.3588,-2.350,-1.800
 2.9220,46.3514,-2.400,-1.800
 2.9230,46.3362,-2.400,-1.800
 2.9240,46.3282,-2.450,-1.800
 2.9250,46.2915,-2.450,-1.800
 2.9260,46.2669,-2.400,-1.800
 2.9270,46.2471,-2.450,-1.800
 2.9280,46.2422,-2.450,-1.800
 2.9290,46.2158,-2.500,-1.800
 2.9300,46.1746,-2.450,-1.800
 2.9310,46.1472,-2.500,-1.800
 2.9320,46.1286,-2.550,-1.800
 2.9330,46.0831,-2.550,-1.800
 2.9340,46.0385,-2.550,-1.800
 2.9350,45.9828,-2.550,-1.800
 2.9360,45.9369,-2.550,-1.800
 2.9370,45.8874,-2.550,-1.800
 2.9380,45.8452,-2.550,-1.800
 2.9390,45.7746,-2.550,-1.800
 2.9400,45.7268,-2.550,-1.800
 2.9410,45.6627,-2.550,-1.800
 2.9420,45.6116,-2.550,-1.800
 2.9430,45.5263,-2.550,-1.800
 2.9440,45.4667,-2.550,-1.800
 2.9450,45.3864,-2.550,-1.800
 2.9460,45.3353,-2.550,-1.800
 2.9470,45.2436,-2.550,-1.800
 2.9480,45.1814,-2.550,-1.800
 2.9490,45.0894,-2.550,-1.800
 2.9500,45.0231,-2.550,-1.800
 2.9510,44.9304,-2.550,-1.800
 2.9520,44.8390,-2.550,-1.800
 2.9530,44.7665,-2.550,-1.800
 2.9540,44.6743,-2.550,-1.800
 2.9550,44.6058,-2.550,-1.800
 2.9560,44.5036,-2.550,-1.800
 2.9570,44.4152,-2.550,-1.800
 2.9580,44.3182,-2.550,-1.800
 2.9590,44.2361,-2.550,-1.800
 2.9600,44.1589,-2.550,-1.800
 2.9610,44.0613,-2.550,-1.800
 2.9620,43.9734,-2.550,-1.800
 2.9630,43.8741,-2.550,-1.800
 2.9640,43.7887,-2.550,-1.800
 2.9650,43.7018,-2.550,-1.800
 2.9660,43.6046,-2.550,-1.800
 2.9670,43.5092,-2.550,-1.800
 2.9680,43.4269,-2.550,-1.800
 2.9690,43.3243,-2.550,-1.800
 2.9700,43.2254,-2.550,-1.800
 2.9710,43.1371,-2.550,-1.800
 2.9720,43.0544,-2.550,-1.800
 2.9730,42.9557,-2.550,-1.800
 2.9740,42.8626,-2.550,-1.800
 2.9750,42.7551,-2.550,-1.800
 2.9760,42.6509,-2.550,-1.800
 2.9770,42.5697,-2.550,-1.800
 2.9780,42.4628,-2.550,-1.800
 2.9790,42.3890,-2.550,-1.800
 2.9800,42.2888,-2.550,-1.800
 2.9810,42.2027,-2.550,-1.800
 2.9820,42.1038,-2.550,-1.800
 2.9830,42.0140,-2.550,-1.800
 2.9840,41.9181,-2.550,-1.800
 2.9850,41.8261,-2.550,-1.800
 2.9860,41.7533,-2.550,-1.800
 2.9870,41.6572,-2.550,-1.800
 2.9880,41.5794,-2.550,-1.800
 2.9890,41.4942,-2.550,-1.800
 2.9900,41.4043,-2.550,-1.800
 2.9910,41.3125,-2.550,-1.800
 2.9920,41.2261,-2.550,-1.800
 2.9930,41.1316,-2.550,-1.800
 2.9940,41.0364,-2.550,-1.800
 2.9950,40.9885,-2.550,-1.800
 2.9960,40.8994,-2.550,-1.800
 2.9970,40.8150,-2.550,-1.800
 2.9980,40.7145,-2.550,-1.800
 2.9990,40.6336,-2.550,-1.800
 3.0000,40.5533,-2.550,-1.800
