search settings:
	Cpar Precision = 5
	Cser Precision = 3
	Acq. Frequency Start = 2.300 MHz
	Acq. Frequency Stop = 2.600 MHz
	Acq. Frequency Spacing = 0.001 MHz
	S11 Optimization Frequency Start = 2.40 MHz
	S11 Optimization Frequency Stop = 2.42 MHz
	Cpar seed = 800 (318.0 pF)
	Cser seed = 292 (120.0 pF)

freq(MHz)	 S11(dB)	 Cpar(digit)	 Cser(digit)
 2.3000, 1.1304,    875,    307
 2.3010, 1.0971,    875,    307
 2.3020, 1.0815,    875,    307
 2.3030, 1.0818,    875,    307
 2.3040, 1.0576,    875,    307
 2.3050, 1.0383,    875,    307
 2.3060, 0.9854,    875,    307
 2.3070, 0.8169,    875,    307
 2.3080, 0.9285,    875,    307
 2.3090, 0.9205,    875,    307
 2.3100, 0.8869,    875,    307
 2.3110, 0.8585,    875,    307
 2.3120, 0.8110,    875,    307
 2.3130, 0.8200,    875,    307
 2.3140, 0.8011,    875,    307
 2.3150, 0.7782,    875,    307
 2.3160, 0.7487,    875,    307
 2.3170, 0.7195,    875,    307
 2.3180, 0.6848,    875,    307
 2.3190, 0.6481,    875,    307
 2.3200, 0.5445,    875,    307
 2.3210, 0.3933,    875,    307
 2.3220, 0.4800,    875,    307
 2.3230, 0.4832,    875,    307
 2.3240, 0.4632,    875,    307
 2.3250, 0.3770,    875,    307
 2.3260, 0.3642,    875,    307
 2.3270, 0.2985,    875,    307
 2.3280, 0.2019,    875,    307
 2.3290, 0.2285,    875,    307
 2.3300, 0.1744,    875,    307
 2.3310, 0.0926,    875,    307
 2.3320, 0.0413,    875,    307
 2.3330,-0.0157,    875,    307
 2.3340,-0.0889,    875,    307
 2.3350,-0.1725,    875,    307
 2.3360,-0.2205,    875,    307
 2.3370,-0.3019,    875,    307
 2.3380,-0.3623,    875,    307
 2.3390,-0.4503,    875,    307
 2.3400,-0.5580,    875,    307
 2.3410,-0.6638,    875,    307
 2.3420,-0.7041,    875,    307
 2.3430,-0.7925,    875,    307
 2.3440,-0.9010,    875,    307
 2.3450,-1.0265,    875,    307
 2.3460,-1.1435,    875,    307
 2.3470,-1.2801,    875,    307
 2.3480,-1.4246,    875,    307
 2.3490,-1.5138,    875,    307
 2.3500,-1.6741,    875,    307
 2.3510,-1.6427,    875,    307
 2.3520,-2.0007,    875,    307
 2.3530,-2.1538,    875,    307
 2.3540,-2.3104,    875,    307
 2.3550,-2.5003,    875,    307
 2.3560,-2.6781,    875,    307
 2.3570,-2.9637,    875,    307
 2.3580,-3.1621,    875,    307
 2.3590,-3.4000,    875,    307
 2.3600,-3.6039,    875,    307
 2.3610,-3.8135,    875,    307
 2.3620,-4.0970,    875,    307
 2.3630,-4.3563,    875,    307
 2.3640,-4.6154,    875,    307
 2.3650,-5.0887,    875,    307
 2.3660,-5.3433,    875,    307
 2.3670,-5.6662,    875,    307
 2.3680,-6.0513,    875,    307
 2.3690,-6.4595,    875,    307
 2.3700,-6.8887,    875,    307
 2.3710,-7.2226,    875,    307
 2.3720,-7.8312,    875,    307
 2.3730,-8.3408,    875,    307
 2.3740,-8.6140,    875,    307
 2.3750,-9.3726,    875,    307
 2.3760,-10.0625,    875,    307
 2.3770,-10.5490,    875,    307
 2.3780,-11.5768,    875,    307
 2.3790,-12.3176,    875,    307
 2.3800,-12.9916,    875,    307
 2.3810,-14.3715,    875,    307
 2.3820,-15.2667,    875,    307
 2.3830,-16.5845,    875,    307
 2.3840,-19.1382,    875,    307
 2.3850,-20.7582,    875,    307
 2.3860,-23.5820,    875,    307
 2.3870,-27.1758,    875,    307
 2.3880,-36.8914,    875,    307
 2.3890,-33.9999,    875,    307
 2.3900,-30.2651,    875,    307
 2.3910,-25.2691,    875,    307
 2.3920,-22.5473,    875,    307
 2.3930,-19.8884,    875,    307
 2.3940,-20.4828,    875,    301
 2.3950,-22.9301,    875,    301
 2.3960,-25.6967,    875,    301
 2.3970,-29.3292,    875,    301
 2.3980,-32.7618,    875,    301
 2.3990,-30.4906,    875,    304
 2.4000,-40.3627,    875,    304
 2.4010,-35.8056,    875,    304
 2.4020,-28.0426,    875,    304
 2.4030,-24.3199,    870,    307
 2.4040,-23.2990,    865,    307
 2.4050,-26.6194,    865,    307
 2.4060,-30.3548,    865,    307
 2.4070,-30.5737,    865,    307
 2.4080,-27.5046,    870,    301
 2.4090,-34.9751,    870,    301
 2.4100,-33.2642,    870,    301
 2.4110,-31.1485,    870,    304
 2.4120,-46.2100,    870,    304
 2.4130,-32.0441,    870,    304
 2.4140,-27.9386,    865,    301
 2.4150,-34.3059,    865,    301
 2.4160,-38.0600,    865,    301
 2.4170,-29.7991,    865,    304
 2.4180,-38.1329,    865,    304
 2.4190,-41.0418,    860,    301
 2.4200,-38.3600,    855,    301
 2.4210,-33.8611,    860,    304
 2.4220,-39.5269,    855,    304
 2.4230,-32.6433,    855,    304
 2.4240,-31.2809,    865,    298
 2.4250,-26.6051,    860,    298
 2.4260,-30.1862,    860,    298
 2.4270,-32.1745,    860,    298
 2.4280,-33.0509,    855,    298
 2.4290,-24.9528,    855,    298
 2.4300,-26.9015,    850,    301
 2.4310,-43.7977,    850,    301
 2.4320,-37.2963,    850,    301
 2.4330,-30.8244,    850,    304
 2.4340,-34.1307,    850,    304
 2.4350,-30.2987,    850,    304
 2.4360,-29.9085,    845,    301
 2.4370,-36.0778,    845,    301
 2.4380,-36.9856,    845,    301
 2.4390,-33.1432,    850,    298
 2.4400,-42.1030,    830,    301
 2.4410,-36.2892,    830,    301
 2.4420,-29.2215,    830,    304
 2.4430,-33.2187,    845,    295
 2.4440,-33.5112,    845,    295
 2.4450,-33.6780,    845,    298
 2.4460,-36.7643,    845,    298
 2.4470,-36.6994,    825,    301
 2.4480,-35.7206,    830,    298
 2.4490,-41.0711,    830,    298
 2.4500,-30.3896,    830,    298
 2.4510,-31.8029,    835,    301
 2.4520,-30.3766,    835,    301
 2.4530,-38.0214,    825,    295
 2.4540,-36.4342,    825,    295
 2.4550,-46.0520,    825,    298
 2.4560,-33.1123,    845,    292
 2.4570,-43.3215,    840,    295
 2.4580,-37.1413,    835,    295
 2.4590,-30.7659,    835,    298
 2.4600,-33.0043,    835,    298
 2.4610,-25.8252,    835,    298
 2.4620,-22.2232,    835,    298
 2.4630,-23.7367,    825,    286
 2.4640,-27.2069,    825,    286
 2.4650,-29.8194,    825,    292
 2.4660,-35.6291,    825,    292
 2.4670,-36.2325,    820,    295
 2.4680,-30.7483,    815,    295
 2.4690,-33.3709,    825,    289
 2.4700,-35.9682,    835,    292
 2.4710,-28.6802,    840,    292
 2.4720,-28.4397,    835,    292
 2.4730,-23.7759,    835,    292
 2.4740,-21.6491,    835,    292
 2.4750,-21.4915,    820,    286
 2.4760,-23.8157,    820,    286
 2.4770,-27.6674,    820,    286
 2.4780,-31.5404,    820,    286
 2.4790,-35.2654,    820,    292
 2.4800,-41.7763,    815,    292
 2.4810,-41.4892,    820,    289
 2.4820,-38.0360,    815,    289
 2.4830,-28.5848,    815,    289
 2.4840,-26.4787,    815,    289
 2.4850,-24.2382,    805,    295
 2.4860,-27.8302,    805,    295
 2.4870,-30.0617,    805,    295
 2.4880,-28.8433,    805,    295
 2.4890,-25.8367,    805,    295
 2.4900,-22.8929,    805,    295
 2.4910,-24.4025,    810,    292
 2.4920,-28.0107,    810,    292
 2.4930,-36.3520,    810,    292
 2.4940,-42.1952,    810,    292
 2.4950,-33.8489,    810,    289
 2.4960,-36.6016,    810,    289
 2.4970,-29.7957,    810,    289
 2.4980,-25.2469,    805,    292
 2.4990,-29.8031,    805,    292
 2.5000,-41.2805,    805,    292
 2.5010,-36.0546,    805,    292
 2.5020,-36.0121,    805,    289
 2.5030,-33.4806,    805,    289
 2.5040,-27.4679,    805,    289
 2.5050,-24.1287,    805,    289
 2.5060,-21.2907,    805,    289
 2.5070,-19.6064,    800,    298
 2.5080,-17.8548,    800,    298
 2.5090,-18.9632,    800,    292
 2.5100,-21.0164,    800,    292
 2.5110,-24.2505,    800,    292
 2.5120,-27.6352,    800,    292
 2.5130,-33.5178,    800,    292
 2.5140,-45.4002,    800,    292
 2.5150,-33.1025,    800,    289
 2.5160,-36.6610,    800,    289
 2.5170,-29.9855,    800,    289
 2.5180,-25.1044,    800,    289
 2.5190,-22.4519,    800,    289
 2.5200,-20.2393,    800,    289
 2.5210,-18.1895,    800,    289
 2.5220,-16.7302,    800,    289
 2.5230,-15.6316,    800,    289
 2.5240,-14.4533,    800,    289
 2.5250,-13.6412,    800,    289
 2.5260,-12.7818,    800,    289
 2.5270,-12.0378,    800,    289
 2.5280,-11.5829,    800,    289
 2.5290,-10.9261,    800,    289
 2.5300,-10.3068,    800,    289
 2.5310,-9.7904,    800,    289
 2.5320,-9.1959,    800,    289
 2.5330,-9.0534,    800,    289
 2.5340,-8.7186,    800,    289
 2.5350,-8.0603,    800,    289
 2.5360,-7.7058,    800,    289
 2.5370,-7.4381,    800,    289
 2.5380,-6.9874,    800,    289
 2.5390,-6.5507,    800,    289
 2.5400,-6.3353,    800,    289
 2.5410,-6.0875,    800,    289
 2.5420,-5.7582,    800,    289
 2.5430,-5.5644,    800,    289
 2.5440,-5.4926,    800,    289
 2.5450,-5.2061,    800,    289
 2.5460,-5.0069,    800,    289
 2.5470,-4.7854,    800,    289
 2.5480,-4.5774,    800,    289
 2.5490,-4.4931,    800,    289
 2.5500,-4.2773,    800,    289
 2.5510,-4.1415,    800,    289
 2.5520,-4.0100,    800,    289
 2.5530,-3.8407,    800,    289
 2.5540,-3.7131,    800,    289
 2.5550,-3.6209,    800,    289
 2.5560,-3.5189,    800,    289
 2.5570,-3.3791,    800,    289
 2.5580,-3.2900,    800,    289
 2.5590,-3.1063,    800,    289
 2.5600,-2.9320,    800,    289
 2.5610,-2.7174,    800,    289
 2.5620,-2.8203,    800,    289
 2.5630,-2.8795,    800,    289
 2.5640,-2.8208,    800,    289
 2.5650,-2.6928,    800,    289
 2.5660,-2.5410,    800,    289
 2.5670,-2.4344,    800,    289
 2.5680,-2.4880,    800,    289
 2.5690,-2.4026,    800,    289
 2.5700,-2.2605,    800,    289
 2.5710,-2.1598,    800,    289
 2.5720,-2.2320,    800,    289
 2.5730,-2.1383,    800,    289
 2.5740,-2.0166,    800,    289
 2.5750,-1.9417,    800,    289
 2.5760,-1.9601,    800,    289
 2.5770,-1.8981,    800,    289
 2.5780,-1.8684,    800,    289
 2.5790,-1.8164,    800,    289
 2.5800,-1.6535,    800,    289
 2.5810,-1.6333,    800,    292
 2.5820,-1.6212,    800,    292
 2.5830,-1.5353,    800,    289
 2.5840,-1.6920,    800,    289
 2.5850,-1.4781,    800,    289
 2.5860,-1.4664,    800,    289
 2.5870,-1.5006,    800,    289
 2.5880,-1.4374,    800,    289
 2.5890,-1.4121,    800,    289
 2.5900,-1.3921,    800,    289
 2.5910,-1.3722,    800,    289
 2.5920,-1.3576,    800,    289
 2.5930,-1.3378,    800,    289
 2.5940,-1.3342,    800,    289
 2.5950,-1.3206,    800,    289
 2.5960,-1.2894,    800,    289
 2.5970,-1.2325,    800,    289
 2.5980,-1.2167,    800,    289
 2.5990,-1.1805,    800,    289
 2.6000,-1.1695,    800,    289
